"ID" "Species" "Treatment" "Replicates" "Day_0" "Day_3" "Day_5" "Day_7" "Day_12" "Day_14" "Day_17" "Day_19" "Day_21" "Day_25" "Max" "Tfmax" "derivada_Total_vel" "derivada_Initial_vel" "Total_vel" "Initial_vel"
"6" 6 "SP7820" "No-Microbiome" 1 1 1.409979447 1.575739422 2.113115622 2.656834818 2.653579227 3.010660431 2.872185101 3.200043099 3.265535116 3.265535116 25 10.03303022 6.323174999 0.099670785 0.158148399
"7" 7 "SP7820" "No-Microbiome" 2 1 1.43773562 1.878571227 2.154495171 2.674334517 2.72463087 2.837201217 2.92864028 2.831446107 3.486915193 3.486915193 25 10.48380962 5.871662461 0.095385174 0.170309517
"8" 8 "SP7820" "No-Microbiome" 3 1 2.058312839 2.757251958 3.323918103 3.938827544 3.907140172 4.399646238 4.896367596 4.557370858 5.581628817 5.581628817 25 5.804641336 2.980236152 0.172275933 0.335543879
"9" 9 "SP7820" "No-Microbiome" 4 1 1.428912929 1.461430426 1.73880267 2.281040426 2.336811433 2.435195397 2.488568993 2.697261621 2.369079489 2.697261621 21 12.41011637 9.514180472 0.080579422 0.105106268
"10" 10 "SP7820" "No-Microbiome" 5 1 1.599453989 1.794842987 1.891835437 2.486558654 2.946861435 3.429169063 3.117196061 3.411957895 3.892247132 3.892247132 25 8.641139296 7.173361488 0.115725481 0.139404657
"11" 11 "SI9227" "No-Microbiome" 1 1 1.550614796 2.04151937 1.935821379 2.259334493 2.751565496 3.002754346 2.839700406 2.782876965 3.670848526 3.670848526 25 10.22647031 5.900896514 0.09778545 0.169465775
"12" 12 "SI9227" "No-Microbiome" 2 1 1.098691634 1.30229062 1.872260071 1.914069658 2.230560073 2.246962357 2.381578297 2.745200527 2.992826696 2.992826696 25 12.0611246 6.872981337 0.082911008 0.145497267
"13" 13 "SI9227" "No-Microbiome" 3 1 1.426314193 1.409034539 1.61709959 2.100776557 2.081484298 2.575732235 2.776676497 3.171262137 3.588005603 3.588005603 25 9.796299786 10.85199108 0.102079359 0.092148988
"14" 14 "SI9227" "No-Microbiome" 4 1 0.924893526 1.526674158 1.520780822 2.430905988 2.397066834 2.482845388 2.962116674 2.620903534 3.474576747 3.474576747 25 9.501782225 7.57284615 0.105243414 0.132050748
"15" 15 "SI9227" "No-Microbiome" 5 1 1.074027942 1.496447048 2.261109877 2.154739667 2.362087034 2.95338173 2.983458755 3.450883336 3.363603932 3.450883336 21 8.346347625 4.646628312 0.119812886 0.215209811
"16" 16 "SP9509" "No-Microbiome" 1 1 1.381554463 1.733634121 1.849671441 2.36769037 2.248154651 2.741905218 2.657495694 2.604486427 3.129800796 3.129800796 25 12.14048214 7.699719471 0.082369052 0.129874862
"17" 17 "SP9509" "No-Microbiome" 2 1 1.367174031 1.697353234 NA 1.860981975 2.003689215 2.288504527 2.349119432 2.579848928 2.302038335 2.579848928 21 14.47348172 7.188581714 0.069091876 0.139109499
"18" 18 "SP9509" "No-Microbiome" 3 1 1.17563319 1.461993183 1.715387703 1.818628093 2.315546051 1.866452387 2.010917016 2.466987715 2.520176727 2.520176727 25 14.93643405 9.285366278 0.066950384 0.107696344
"19" 19 "SP9509" "No-Microbiome" 4 1 1.39981732 1.731884572 2.182642647 2.094470202 2.212515644 2.615248445 2.289657261 2.365382007 3.07642164 3.07642164 25 12.85525212 5.90458546 0.077789217 0.169359899
"20" 20 "SP9509" "No-Microbiome" 5 1 1.346317313 1.513282558 1.325432913 2.246844179 2.134175234 2.38380626 2.557102015 2.629392358 3.242737118 3.242737118 25 11.4483816 10.41429717 0.087348591 0.096021842
"21" 21 "SP5543" "No-Microbiome" 1 1 1.01635259 1.420541417 1.482177511 2.213103723 2.025989685 2.347574357 2.276793759 2.727272168 3.165087584 3.165087584 25 11.30191257 10.48398387 0.0884806 0.095383588
"22" 22 "SP5543" "No-Microbiome" 2 1 0.87405085 1.650619066 1.38933277 2.184149978 2.37814256 2.379980845 2.697397291 2.848645291 2.866831817 2.866831817 25 10.7247489 5.690174924 0.093242276 0.175741522
"23" 23 "SP5543" "No-Microbiome" 3 1 1.686877471 1.70218481 2.148419839 2.173329054 2.362479061 2.176425311 2.8237866 3.005761291 3.110668748 3.110668748 25 12.0576547 6.075318614 0.082934868 0.164600421
"24" 24 "SP5543" "No-Microbiome" 4 1 1.194521933 1.717545905 2.261311087 2.523686848 2.325527226 2.879986265 2.629936525 2.85852436 3.500431388 3.500431388 25 10.13447191 5.038109705 0.098673124 0.198487143
"25" 25 "SP5543" "No-Microbiome" 5 1 1.273795411 1.225018872 1.807786516 2.272530154 2.732290032 2.565221543 2.672302712 3.076748216 3.661938074 3.661938074 25 9.291318557 7.688919412 0.107627351 0.130057287
"26" 26 "SP7498" "No-Microbiome" 1 1 1.121054556 1.459827124 1.866528164 1.79789924 2.04325765 2.619683655 2.624124984 2.542926405 3.001253084 3.001253084 25 11.86923557 7.281735589 0.084251424 0.137329897
"27" 27 "SP7498" "No-Microbiome" 2 1 1.666646775 2.221213187 2.182785187 2.839602634 3.238840298 3.578577252 3.717727526 3.921723675 4.330771807 4.330771807 25 7.65810829 4.982464697 0.130580551 0.200703881
"28" 28 "SP7498" "No-Microbiome" 3 1 1.337610023 1.610302434 1.901520635 3.492696768 3.346246952 3.591045589 4.058093647 4.466546765 5.006016546 5.006016546 25 5.840529754 7.745333923 0.171217345 0.129109992
"29" 29 "SP7498" "No-Microbiome" 4 1 1.23580369 1.35783171 1.823684238 2.280267466 3.198954977 2.494094272 2.832543022 2.865293529 3.088292267 3.198954977 14 6.27175491 8.189437972 0.159445006 0.122108502
"30" 30 "SP7498" "No-Microbiome" 5 1 0.936351749 1.680317597 2.039632794 1.914129161 2.512336642 2.607901128 2.942706204 2.776806681 3.321950545 3.321950545 25 9.964026727 4.962307447 0.100361031 0.201519154
"31" 31 "SP9192" "No-Microbiome" 1 1 1.702581504 2.269147535 2.262180107 3.055030083 3.732720681 3.549018741 3.489766082 3.974937205 4.918521772 4.918521772 25 6.88227839 4.76638913 0.145300719 0.209802425
"32" 32 "SP9192" "No-Microbiome" 2 1 1.701917247 2.184547621 2.398885175 3.77966215 3.260059753 4.505298328 4.702932003 4.653899277 4.600810996 4.702932003 19 5.050115174 4.765169963 0.198015286 0.209856103
"33" 33 "SP9192" "No-Microbiome" 3 1 1.530729126 2.184355633 2.306962007 3.533481043 3.772613408 4.206978947 3.805556161 4.257986606 4.923494828 4.923494828 25 6.223845897 4.804725095 0.160672359 0.208128453
"34" 34 "SP9192" "No-Microbiome" 4 1 1.092333206 1.682852347 1.892673536 3.258754296 2.737377695 3.17579228 3.806881668 3.604391726 4.362844593 4.362844593 25 6.891190954 6.395777051 0.145112798 0.156353167
"35" 35 "SP9192" "No-Microbiome" 5 1 1.388058271 1.727525272 1.734133008 2.189806512 2.599283702 2.746135929 2.543624011 3.054870452 3.225290752 3.225290752 25 11.0848426 8.265577592 0.090213279 0.120983681
"36" 36 "LP7760" "No-Microbiome" 1 1 1.693583094 2.770271797 2.773409775 NA 5.370127222 5.458473387 8.258234135 6.010516221 7.790554646 8.258234135 19 2.778737007 3.282806076 0.359875727 0.304617445
"37" 37 "LP7760" "No-Microbiome" 2 1 1.057620024 1.297925838 1.240579483 2.768576841 3.902811139 3.116142639 4.795024376 3.492524551 4.832845527 4.832845527 25 5.091612606 18.1794843 0.196401431 0.055007061
"38" 38 "LP7760" "No-Microbiome" 3 1 0.805226932 1.147340228 1.40742946 2.073334234 2.548853267 2.889058041 3.112524843 3.552927058 3.7097228 3.7097228 25 7.54827902 8.561154394 0.132480529 0.116806677
"39" 39 "LP7760" "No-Microbiome" 4 1 0.718182947 1.304160448 1.144879266 1.940308799 2.345599889 2.331160749 2.688308853 3.701921498 3.400971505 3.701921498 21 7.344975568 5.71398122 0.136147492 0.175009326
"40" 40 "LP7760" "No-Microbiome" 5 1 0.974679761 1.549551768 1.479229348 3.153275961 2.718328191 2.638531955 3.4211497 3.230995164 3.840795244 3.840795244 25 7.464210929 8.06707821 0.133972634 0.123960618
"41" 41 "LP0049" "No-Microbiome" 1 1 0.770967238 0.774901844 1.056913403 1.532340505 1.957264509 1.56610805 2.35527958 2.162147005 2.606002934 2.606002934 25 11.65078556 1.126295494 0.085831122 0.887866466
"42" 42 "LP0049" "No-Microbiome" 2 1 0.699552609 0.759000063 0.983098192 1.419705325 1.456262381 1.543668911 1.956334365 1.962429293 2.115152931 2.115152931 25 15.35718202 -1.850793624 0.065116113 0.540308756
"43" 43 "LP0049" "No-Microbiome" 3 1 0.754489997 1.009199927 1.051965071 1.446974454 2.121733712 2.148955019 1.927553312 2.339321302 1.386275118 2.339321302 21 11.49985095 6.680526133 0.086957649 0.149688809
"44" 44 "LP0049" "No-Microbiome" 4 1 0.915710058 0.590692805 1.163383892 1.660097818 1.829974425 3.046531141 2.22934656 2.348850314 5.609408747 5.609408747 25 4.782687922 0.474409764 0.209087445 2.107882417
"45" 45 "LP0049" "No-Microbiome" 5 1 0.547869878 0.999379379 1.096025691 1.605630626 1.767890802 2.176291272 2.013173288 2.169950224 2.894696644 2.894696644 25 11.15427779 3.577001126 0.089651703 0.279563792
"46" 46 "LT9109" "No-Microbiome" 1 1 0.919375032 1.207610156 1.245894161 2.882478254 2.697104405 2.955743731 4.153852746 4.343240446 5.609661135 5.609661135 25 4.970478448 14.86109067 0.201187876 0.067289812
"47" 47 "LT9109" "No-Microbiome" 2 1 0.536185877 1.811051446 1.500445 2.875208319 4.128187527 6.280786139 6.918488755 4.330561418 6.232995919 6.918488755 19 2.696969237 3.166281955 0.37078658 0.315827843
"48" 48 "LT9109" "No-Microbiome" 3 1 0.54074778 0.941873979 1.159780246 1.995116098 2.702392481 2.502694937 3.083984909 3.039467573 5.284953612 5.284953612 25 5.462016299 3.805919067 0.183082573 0.262748625
"49" 49 "LT9109" "No-Microbiome" 4 1 0.940577155 1.127864731 1.339754753 2.443046188 3.135587548 3.871066588 4.332741394 5.169894997 6.50023436 6.50023436 25 4.165297349 13.9721768 0.240078899 0.071570809
"50" 50 "LT9109" "No-Microbiome" 5 1 0.408844482 1.024421318 1.350373555 2.108203448 2.382880264 2.891716348 3.536237524 3.19932358 4.697046027 4.697046027 25 5.994808348 3.497154135 0.166811004 0.28594679
"51" 51 "LJ9250" "No-Microbiome" 1 1 1.085886468 1.430911984 1.784770967 3.098714883 3.84865475 4.311384413 5.320934933 5.661367412 5.125495137 5.661367412 21 4.052316832 7.848160065 0.246772412 0.1274184
"52" 52 "LJ9250" "No-Microbiome" 2 1 0.942529338 1.281097768 1.696806331 2.920999712 3.218266942 3.669007773 4.250382086 3.330508485 3.610881865 4.250382086 19 5.226774675 7.468143654 0.191322577 0.133902084
"53" 53 "LJ9250" "No-Microbiome" 3 1 0.885580333 1.532708052 1.120206198 2.188574872 3.295590998 2.534420725 2.71927171 3.6448565 4.024518874 4.024518874 25 6.864937154 4.783289937 0.145667757 0.20906113
"54" 54 "LJ9250" "No-Microbiome" 4 1 1.052997958 1.59250603 1.549695107 3.419175748 4.148408565 3.871403806 4.190315032 4.456556764 5.080450592 5.080450592 25 5.170393311 8.321498988 0.193408884 0.120170657
"55" 55 "LJ9250" "No-Microbiome" 5 1 0.666492655 1.0843925 1.617399352 2.183483681 2.532985662 2.103893043 2.667734463 2.537711016 3.277609975 3.277609975 25 9.325394852 5.073138296 0.107234065 0.197116645
"56" 56 "LM7123" "No-Microbiome" 1 1 0.876599514 1.701022187 1.586433268 3.390922845 3.324336619 4.240247451 4.503476039 4.798010731 6.076471983 6.076471983 25 4.608383886 5.616827992 0.216995811 0.178036429
"57" 57 "LM7123" "No-Microbiome" 2 1 1.197851676 1.865566639 1.703091953 3.751726053 3.966816437 5.546721945 5.531219518 6.270477023 7.803597595 7.803597595 25 3.462698032 6.404579125 0.288792147 0.156138285
"58" 58 "LM7123" "No-Microbiome" 3 1 1.847945073 2.327166951 4.705293762 7.273759247 7.848150462 11.68026555 10.04490222 11.12003908 12.51355057 12.51355057 25 1.879624932 1.727106972 0.532021034 0.579002932
"59" 59 "LM7123" "No-Microbiome" 4 1 1.220976581 1.626474799 3.121814682 4.732139099 5.654024521 7.574142623 7.799359309 8.176690953 10.18957716 10.18957716 25 2.519380349 2.74280237 0.396922998 0.364590614
"60" 60 "LM7123" "No-Microbiome" 5 1 1.09414156 2.576034989 3.045334868 5.726472009 5.687997114 8.789402103 7.138969865 8.501544199 10.44935922 10.44935922 25 2.433327817 2.650255623 0.410959836 0.377322093
"61" 61 "LM8389" "No-Microbiome" 1 1 1.384657901 2.085106654 1.559212641 3.285785793 3.543263502 6.112907865 5.465805799 7.532653414 6.583688185 7.532653414 21 3.045131681 4.738208156 0.328393024 0.211050247
"62" 62 "LM8389" "No-Microbiome" 2 1 1.151552607 1.732026751 1.289020374 2.320174035 2.61884485 3.759435829 3.744536962 3.647448255 5.008927229 5.008927229 25 5.930830422 5.829164201 0.168610452 0.17155118
"63" 63 "LM8389" "No-Microbiome" 3 1 1.372660352 2.184307457 2.501908498 3.558636678 3.994727455 4.161735779 3.92281435 4.60465375 6.768054823 6.768054823 25 4.709807282 4.171507862 0.212322913 0.239721471
"64" 64 "LM8389" "No-Microbiome" 4 1 1.232832339 1.733508417 2.684887254 2.738852152 3.246599926 3.596978892 3.477168646 4.305374254 4.868406976 4.868406976 25 6.4022829 3.71490228 0.156194285 0.269186085
"65" 65 "LM8389" "No-Microbiome" 5 1 1.597072714 2.071060524 3.465754963 4.708719715 5.459416493 4.615979212 5.154790301 6.502639117 7.802518708 7.802518708 25 3.676455239 2.689147435 0.272001136 0.37186507
"66" 66 "LV7650" "No-Microbiome" 1 1 1.532919399 1.857965747 3.611283429 4.424824478 4.411049585 5.953940362 5.983751696 5.924951408 9.912063252 9.912063252 25 2.985124586 2.38864751 0.334994393 0.418646952
"67" 67 "LV7650" "No-Microbiome" 2 1 1.344330752 2.526572516 3.516582102 4.231142117 4.887819811 3.932021821 6.774358111 6.682264196 8.943280765 8.943280765 25 3.162118122 2.475991647 0.316243721 0.403878584
"68" 68 "LV7650" "No-Microbiome" 3 1 0.807124275 1.965361987 4.086632397 5.2409298 5.185871976 6.640697774 4.185992068 6.868490204 8.690936136 8.690936136 25 2.947527073 1.68057525 0.339267452 0.595034349
"69" 69 "LV7650" "No-Microbiome" 4 1 1.344456095 2.487064195 3.564784032 5.574524411 5.560636886 6.198984161 6.279914911 7.687822629 9.068434177 9.068434177 25 3.060622091 2.437540929 0.326730962 0.410249522
"70" 70 "LV7650" "No-Microbiome" 5 1 1.390990456 2.780426906 3.579962813 4.464813629 4.869942901 6.212759182 5.043059131 8.917506013 9.717508121 9.717508121 25 2.754541484 2.379916069 0.363036827 0.420182885
"71" 71 "LY5280" "No-Microbiome" 1 1 1.386679744 2.227431609 2.619317195 2.898637248 3.485543368 4.209841254 4.630192261 5.327021764 5.478072944 5.478072944 25 5.244393804 3.909241635 0.190679807 0.25580409
"72" 72 "LY5280" "No-Microbiome" 2 1 1.156282684 2.259246911 2.595349449 3.608727222 3.622670162 5.816536543 4.740354208 5.553746882 6.839850194 6.839850194 25 4.06568177 3.516155611 0.245961208 0.28440152
"73" 73 "LY5280" "No-Microbiome" 3 1 1.514316483 2.507588975 2.9254932 3.149662655 5.38012146 4.851114272 4.150516547 4.414120191 7.555601479 7.555601479 25 3.899782855 3.301551263 0.256424534 0.302887922
"74" 74 "LY5280" "No-Microbiome" 4 1 1.423172643 3.87069657 4.153361808 5.444607996 6.713199338 8.096105593 8.327857466 7.431269908 10.6551426 10.6551426 25 2.606120049 1.695869547 0.383712178 0.589667998
"75" 75 "LY5280" "No-Microbiome" 5 1 1.444997844 2.723844642 3.147018819 3.92319812 4.539126476 5.268157652 5.180709733 7.228676783 7.454671706 7.454671706 25 3.735137333 2.817722124 0.267727773 0.354896599
"76" 76 "LM7200" "No-Microbiome" 1 1 1.22506431 1.380806058 4.602828832 3.615423307 5.319922334 6.986799152 7.675214593 6.25309509 9.500388631 9.500388631 25 2.68578179 1.373655559 0.372331067 0.727984532
"77" 77 "LM7200" "No-Microbiome" 2 1 1.85604089 2.229832179 2.999700416 4.291255681 4.111577552 5.270305222 5.76388193 7.607767006 10.99645348 10.99645348 25 2.639692115 3.570191804 0.378832059 0.280096996
"78" 78 "LM7200" "No-Microbiome" 3 1 2.471064293 2.971639625 3.152936389 5.500434909 9.282250756 10.04574658 6.102190174 10.89915409 14.81282366 14.81282366 25 1.731393438 2.923778483 0.577569475 0.342023175
"79" 79 "LM7200" "No-Microbiome" 4 1 1.671027898 1.626167255 2.340830855 3.749281082 2.735753638 2.732646945 2.914574873 2.792668249 4.820468743 4.820468743 25 6.388287182 5.150110272 0.156536482 0.1941706
"80" 80 "LM7200" "No-Microbiome" 5 1 2.490619155 4.963236632 6.140314046 8.583315861 10.24585786 15.39491826 14.66904418 14.30030014 21.74544544 21.74544544 25 1.244842252 1.260800075 0.803314636 0.793147161
"81" 81 "LA7339" "No-Microbiome" 1 1 1.804138041 1.871853881 2.090091494 3.944390821 4.213510101 3.238265509 4.71417509 5.379352414 5.633609091 5.633609091 25 4.893090428 5.906102836 0.204369818 0.169316388
"82" 82 "LA7339" "No-Microbiome" 2 1 1.416057398 2.37185079 2.664930771 4.985770116 4.449061505 5.6719575 7.189711256 7.760415404 7.232631982 7.760415404 21 3.000274368 3.690016845 0.333302851 0.271001473
"83" 83 "LA7339" "No-Microbiome" 3 1 1.00609282 1.761288374 1.034712148 2.317643933 3.961186204 4.657891224 5.370349046 5.172760929 5.361272929 5.370349046 19 3.639714368 2.523683726 0.274746834 0.396246166
"84" 84 "LA7339" "No-Microbiome" 4 1 1.806384335 1.782223562 2.315736778 3.653790985 4.54770771 4.633258521 NA 5.110768468 5.661589468 5.661589468 25 4.910137854 5.256300648 0.20366027 0.19024787
"85" 85 "LA7339" "No-Microbiome" 5 1 1.641856783 1.993177408 2.192657627 3.60962016 5.411655849 NA 5.922419631 6.523282131 6.837202132 6.837202132 25 3.71149126 5.641171713 0.269433478 0.177268137
"86" 86 "LP8539" "No-Microbiome" 1 1 3.68024673 3.22457329 3.223225144 4.452541951 7.017775418 7.940388949 8.006929597 7.443982233 8.206647838 8.206647838 25 3.026176848 1.828528706 0.330449954 0.546887777
"87" 87 "LP8539" "No-Microbiome" 2 1 1.663165851 1.774225537 2.717385799 3.968407275 3.630804654 5.17651077 4.823002144 6.579721663 6.639016241 6.639016241 25 4.06020079 4.033334838 0.246293238 0.247933792
"88" 88 "LP8539" "No-Microbiome" 3 1 1.709324313 2.278573925 3.206388488 NA 5.877113736 5.222788198 6.612934563 6.753295519 7.514324028 7.514324028 25 3.562565092 3.1583149 0.280696626 0.316624539
"89" 89 "LP8539" "No-Microbiome" 4 1 2.175324082 3.075180986 3.219554541 3.605185375 4.578052804 6.103931702 6.481760455 5.304166433 5.604390492 6.481760455 19 3.580761251 2.848313084 0.279270225 0.351085
"90" 90 "LP8539" "No-Microbiome" 5 1 0.521278911 0.987419186 0.992232876 1.609698074 1.693762612 1.620550757 2.050413311 2.245936663 2.278669758 2.278669758 25 13.07891988 1.903195946 0.076458913 0.525431973
"91" 91 "LT9243" "No-Microbiome" 1 1 2.010707428 2.297827094 2.370935821 3.621515436 5.18158705 5.366557444 6.041496437 4.772458439 7.642978612 7.642978612 25 3.797272337 4.430488481 0.263346927 0.225708746
"92" 92 "LT9243" "No-Microbiome" 2 1 1.281198584 1.730217704 2.732308061 3.62421162 3.519288774 5.549235151 3.901697124 4.905568518 6.576101706 6.576101706 25 4.298406044 3.657556852 0.232644378 0.27340655
"93" 93 "LT9243" "No-Microbiome" 3 1 1.551259795 2.208848687 2.341167821 2.868631767 5.487316792 4.775986171 4.537868969 4.595681078 5.524522604 5.524522604 25 4.573313255 4.706014149 0.218659852 0.212494049
"94" 94 "LT9243" "No-Microbiome" 4 1 1.151303468 1.36810881 2.236441091 1.207826607 1.264394182 2.617794534 2.584867139 2.399078425 3.258834474 3.258834474 25 8.522130443 4.763157907 0.117341551 0.209944751
"95" 95 "LT9243" "No-Microbiome" 5 1 1.096281825 1.490663403 3.320235187 3.322361338 3.140285545 3.70986192 3.024700276 3.65257183 5.402470958 5.402470958 25 5.456925394 2.295606066 0.183253376 0.43561481
"96" 96 "PS" "No-Microbiome" 1 1 1.156150233 1.184658667 1.175966014 1.330823301 1.462415644 1.480673806 1.388596786 1.398504677 1.377467317 1.480673806 17 34.4752267 30.2270486 0.029006336 0.033082952
"97" 97 "PS" "No-Microbiome" 2 1 0.972769939 0.979411801 1.037910116 0.979638744 1.056977102 1.025918075 1.006718705 0.949027929 0.925949727 1.056977102 14 73.49222096 45.73153412 0.013606882 0.021866749
"98" 98 "PS" "No-Microbiome" 3 1 0.897901006 0.94118363 0.952466934 1.026809285 0.95903184 1.026433447 1.049253337 1.028682346 1.012186335 1.049253337 19 85.11526107 -28.6781786 0.011748774 0.034869718
"99" 99 "PS" "No-Microbiome" 4 1 1.096791921 1.093076012 1.039457281 1.1825739 1.138701043 1.20644992 1.171030247 1.067040791 1.056720448 1.20644992 17 72.98272837 26.70118551 0.013701872 0.037451521
"100" 100 "PS" "No-Microbiome" 5 1 0.938547563 0.941152464 1.034352105 1.018891711 1.02757829 1.100909864 1.011514289 1.074957435 1.056170495 1.100909864 17 82.43346161 12.80656383 0.012130996 0.078084958
"106" 106 "SP7820" "With-Microbiome" 1 1 1.197790109 1.768703586 2.028277366 2.008739874 2.031581573 2.212727556 2.909935187 2.241244951 2.197972732 2.909935187 19 10.54715322 5.998300453 0.094812314 0.16671389
"107" 107 "SP7820" "With-Microbiome" 2 1 1.629374901 2.15958835 2.153097652 2.408049055 2.260246583 2.278275404 2.22911542 2.748064888 2.500491111 2.748064888 21 12.16893392 5.212600381 0.082176467 0.191842828
"108" 108 "SP7820" "With-Microbiome" 3 1 1.756178669 2.232505694 1.967418847 1.53022323 1.941614103 2.930680229 3.245987968 2.481334396 2.127965625 3.245987968 19 7.38874223 4.889464405 0.135341032 0.204521378
"109" 109 "SP7820" "With-Microbiome" 4 1 1.777884846 1.969360884 1.782163471 2.798614977 2.598773874 2.108127908 2.862055954 1.720937668 2.170810264 2.862055954 19 9.171334586 5.69108724 0.109035385 0.175713349
"110" 110 "SP7820" "With-Microbiome" 5 1 1.430101525 1.89823738 NA NA 2.2953423 2.569387142 2.591965316 2.194887489 2.030102946 2.591965316 19 11.92807868 5.547428372 0.083835798 0.180263707
"111" 111 "SI9227" "With-Microbiome" 1 1 1.089071758 1.913265413 1.892348992 2.648708782 2.645114337 2.735508313 1.569192107 1.269670054 2.030102946 2.735508313 17 8.068486211 5.365591344 0.123938986 0.186372747
"112" 112 "SI9227" "With-Microbiome" 2 1 2.020224302 2.298941098 2.635906066 2.627923387 NA 3.081074418 NA 2.445985741 1.760011525 3.081074418 17 7.596158404 4.134312971 0.131645491 0.241878157
"113" 113 "SI9227" "With-Microbiome" 3 1 2.0022083 2.124252185 2.961960208 1.98096826 2.243144602 2.633829658 3.063476373 2.171740079 2.144358991 3.063476373 19 7.322686755 3.625864089 0.136561898 0.275796328
"114" 114 "SI9227" "With-Microbiome" 4 1 1.137488346 1.724744733 1.920390653 2.019611019 1.664779181 1.997225215 2.222357763 NA 2.469757769 2.469757769 25 15.20138091 6.356952852 0.065783497 0.157308072
"115" 115 "SI9227" "With-Microbiome" 5 1 1.171807634 1.468952869 3.350656701 3.587368701 4.472125581 4.169011037 3.651823615 2.3165482 2.803955188 4.472125581 14 3.414745458 2.288651871 0.292847596 0.43693845
"116" 116 "SP9509" "With-Microbiome" 1 1 1.767570272 2.626253457 2.721592995 2.645007694 NA 2.878907361 2.314662385 3.25212657 3.037377356 3.25212657 21 8.134776663 3.5915547 0.122929005 0.278430954
"117" 117 "SP9509" "With-Microbiome" 2 1 1.408511331 1.679368743 1.889333828 2.184720371 2.23954169 1.939315939 1.696123717 1.643696863 1.367422052 2.23954169 14 10.91626563 7.76743496 0.091606419 0.128742629
"118" 118 "SP9509" "With-Microbiome" 3 1 1.368436745 1.523779768 2.0468873 2.027326108 2.112861489 2.143440917 1.80159925 2.157610581 2.07681998 2.157610581 21 14.52373252 6.679435434 0.068852824 0.149713252
"119" 119 "SP9509" "With-Microbiome" 4 1 2.149729503 3.114624879 3.721584955 3.191316039 3.560790668 4.052865268 3.695016405 3.729234622 3.260152244 4.052865268 17 4.895780414 2.504584663 0.204257527 0.399267797
"120" 120 "SP9509" "With-Microbiome" 5 1 1.96311204 2.15803581 2.286173703 1.915054993 2.534844522 2.674789324 2.555951811 2.381049777 2.045126146 2.674789324 17 8.926686025 4.80713995 0.112023655 0.2080239
"121" 121 "SP5543" "With-Microbiome" 1 1 2.396358307 1.937838343 2.175784038 NA 2.247432026 2.43407822 NA 1.662350315 2.242219554 2.43407822 17 8.000587587 3.486665324 0.12499082 0.286806994
"122" 122 "SP5543" "With-Microbiome" 2 1 1.298244094 2.365316534 2.181829247 2.07688771 3.301218469 3.064477651 3.456834269 2.643235805 2.090797789 3.456834269 19 6.962705622 4.015927157 0.143622329 0.249008501
"123" 123 "SP5543" "With-Microbiome" 3 1 1.575574135 3.392072792 2.878398022 3.399637026 4.087860768 NA 2.653331638 2.605428872 3.206590948 4.087860768 14 3.991214812 2.334693258 0.250550283 0.428321792
"124" 124 "SP5543" "With-Microbiome" 4 1 1.625257118 2.369410557 2.399907833 2.196367818 2.717287389 2.207635666 3.254362333 2.695625256 1.672595348 3.254362333 19 8.163993846 4.306105166 0.122489068 0.23222842
"125" 125 "SP5543" "With-Microbiome" 5 1 1.925729057 2.313948311 3.178785586 2.790555675 2.94056183 2.75631514 2.799848469 2.647380576 2.677678068 3.178785586 7 3.277438689 3.277438689 0.30511631 0.30511631
"126" 126 "SP7498" "With-Microbiome" 1 1 1.19893552 2.1667704 2.391709111 2.143382525 1.678177 1.775112316 1.803701087 1.45131622 1.622057405 2.391709111 7 4.058820901 4.058820901 0.246376971 0.246376971
"127" 127 "SP7498" "With-Microbiome" 2 1 2.147162953 3.013836526 NA NA 3.650017961 NA 4.512107719 4.035723562 3.697287647 4.512107719 19 5.567323477 2.489777282 0.179619525 0.401642351
"128" 128 "SP7498" "With-Microbiome" 3 1 1.445689138 1.791280063 2.356979254 1.685234124 2.326192698 1.837082241 1.868301843 1.691598895 1.365646107 2.356979254 7 5.14730319 5.14730319 0.194276491 0.194276491
"129" 129 "SP7498" "With-Microbiome" 4 1 1.546897628 1.82562359 NA NA 3.077585337 2.406629658 2.348253357 2.284019978 2.774184148 3.077585337 14 6.840734323 5.976971589 0.146183137 0.167308809
"130" 130 "SP7498" "With-Microbiome" 5 1 1.495206982 2.129954832 2.293941321 1.951717088 3.186723729 2.942020991 2.622506823 2.614875506 2.081347324 3.186723729 14 6.081393997 4.921428761 0.164435983 0.203193026
"131" 131 "SP9192" "With-Microbiome" 1 1 1.064872502 1.618028316 1.747622768 1.89473285 1.92389219 1.678037309 2.200885313 1.835053674 1.645462008 2.200885313 19 14.14815186 7.274736296 0.07068061 0.137462027
"132" 132 "SP9192" "With-Microbiome" 2 1 1.558841808 2.190334682 2.558296819 2.324177148 2.090183841 2.189323776 2.080477557 2.702272045 2.092031904 2.702272045 21 9.649475854 4.311161389 0.103632572 0.231956058
"133" 133 "SP9192" "With-Microbiome" 3 1 1.819620182 2.134439136 2.453496856 2.726565884 2.379387381 3.407050661 NA 3.133219957 3.137903455 3.407050661 17 7.49562476 4.730073614 0.133411161 0.2114132
"134" 134 "SP9192" "With-Microbiome" 4 1 1.479628572 1.9508492 2.483830343 2.127565008 2.112500287 2.668013927 2.294891604 2.339762839 2.742966166 2.742966166 25 12.57065589 4.660424976 0.079550344 0.214572706
"135" 135 "SP9192" "With-Microbiome" 5 1 1.586222862 1.627966195 2.166966574 1.964616462 2.124604822 2.198505981 2.051813646 2.169416468 2.316307014 2.316307014 25 17.07950291 6.064376874 0.058549713 0.164897403
"136" 136 "LP7760" "With-Microbiome" 1 1 1.792929095 2.922325396 3.245642883 3.47176857 4.294979895 3.163823405 3.779655062 4.134743971 2.120911085 4.294979895 14 4.221274526 2.833085179 0.236895277 0.352972091
"137" 137 "LP7760" "With-Microbiome" 2 1 1.295812967 2.423409604 NA NA 5.038882127 4.064953621 4.718999711 3.88312338 3.859187811 5.038882127 14 3.24341776 3.03085812 0.308316743 0.329939562
"138" 138 "LP7760" "With-Microbiome" 3 1 1.669271016 2.431023326 3.503556699 3.132800342 3.643788186 4.622021563 3.29938461 4.043706083 3.058285584 4.622021563 17 4.653572097 2.719837763 0.214888687 0.367668989
"139" 139 "LP7760" "With-Microbiome" 4 1 1.499028863 2.238051058 2.929719172 2.152591282 3.961792305 2.667281565 2.681739486 2.237114513 2.335363988 3.961792305 14 4.228370084 3.472000178 0.236497747 0.288018418
"140" 140 "LP7760" "With-Microbiome" 5 1 1.526310251 2.645584109 3.882112325 2.897733246 5.099867647 3.76328993 NA NA 3.228327813 5.099867647 14 3.052602281 2.248189589 0.327589351 0.444802345
"141" 141 "LP0049" "With-Microbiome" 1 1 1.234149871 1.647934899 2.152814392 2.266286949 2.388947104 1.651956856 2.733767961 1.719129255 2.048110082 2.733767961 19 8.99718844 5.701224506 0.111145833 0.175400916
"142" 142 "LP0049" "With-Microbiome" 2 1 1.613106929 2.711968218 2.782000521 3.426770501 3.907540784 5.211644422 3.279402948 3.813784457 3.626525087 5.211644422 17 4.288023478 3.298379068 0.233207678 0.303179222
"143" 143 "LP0049" "With-Microbiome" 3 1 1.277096067 2.021333926 2.602974025 2.790795842 NA 2.837578265 3.018171235 3.460335628 2.36534495 3.460335628 21 8.437980392 3.961469009 0.118511771 0.25243161
"144" 144 "LP0049" "With-Microbiome" 4 1 1.416423512 1.57591187 2.236563138 1.679324773 NA NA 1.527157449 2.732005667 1.474414508 2.732005667 21 9.120465192 5.587662466 0.10964353 0.178965714
"145" 145 "LP0049" "With-Microbiome" 5 1 1.512791042 1.907157171 2.082710939 2.027096577 1.960734573 1.997319442 NA 2.681818324 2.22489609 2.681818324 21 12.79292203 6.164961874 0.078168224 0.162207005
"146" 146 "LT9109" "With-Microbiome" 1 1 1.674557815 2.895675616 NA NA 4.962526291 NA NA NA 2.898749786 4.962526291 14 3.418926352 2.51713612 0.292489483 0.397276886
"147" 147 "LT9109" "With-Microbiome" 2 1 1.474107934 1.95883248 3.012623643 NA NA NA NA NA 6.39145668 6.39145668 25 4.526660452 3.315942088 0.220913411 0.301573421
"148" 148 "LT9109" "With-Microbiome" 3 1 2.182017536 3.54962857 5.550863464 4.694799753 8.436791348 NA NA 7.066204798 4.795323909 8.436791348 14 1.840121072 1.491588621 0.543442502 0.670426139
"149" 149 "LT9109" "With-Microbiome" 4 1 1.903762586 3.696811315 NA NA 4.216562766 NA NA NA 3.679755872 4.216562766 14 3.48117574 1.749857456 0.287259269 0.57147512
"150" 150 "LT9109" "With-Microbiome" 5 1 1.091514798 2.403085138 NA NA 5.035971485 3.116730092 3.235807412 NA 2.28261558 5.035971485 14 3.142907678 2.681219446 0.318176702 0.372964623
"151" 151 "LJ9250" "With-Microbiome" 1 1 1.804246491 2.43923779 4.115385258 3.32762782 NA 3.738136334 2.950206269 3.259842702 2.845651465 4.115385258 7 2.15862788 2.15862788 0.463257243 0.463257243
"152" 152 "LJ9250" "With-Microbiome" 2 1 1.636345316 2.851737807 4.473053643 4.016819748 5.125477453 4.64899197 3.581644109 3.173470587 4.026924314 5.125477453 14 2.977408638 1.871719478 0.335862531 0.534268095
"153" 153 "LJ9250" "With-Microbiome" 3 1 1.926368437 2.317801205 3.016288238 2.827178381 3.782755981 3.758228516 2.89719069 3.587871304 2.851581656 3.782755981 14 5.131780196 3.536449576 0.194864153 0.282769478
"154" 154 "LJ9250" "With-Microbiome" 4 1 1.955883322 2.600479826 NA 5.114910089 3.9302266 5.389144622 3.623820384 4.054310458 3.844225488 5.389144622 17 3.643440496 3.125164027 0.274465852 0.319983204
"155" 155 "LJ9250" "With-Microbiome" 5 1 1.328495429 1.877337251 2.182093109 3.10829036 2.893695236 2.594453253 3.513747003 3.360696821 2.239938137 3.513747003 19 7.286527195 5.523846866 0.137239589 0.181033259
"156" 156 "LM7123" "With-Microbiome" 1 1 1.435748029 2.426431059 2.761555459 3.246252493 3.371158211 3.916776242 3.85785845 3.701961973 3.21537957 3.916776242 17 5.664956071 3.511979281 0.176523875 0.284739721
"157" 157 "LM7123" "With-Microbiome" 2 1 1.516681399 2.947663105 3.283496442 3.496315272 3.931281636 NA 5.717168697 3.945461266 3.543414862 5.717168697 19 4.107545835 2.601782892 0.243454374 0.384351824
"158" 158 "LM7123" "With-Microbiome" 3 1 1.279820865 2.44760479 3.32330862 2.438938949 4.619058125 4.193854211 2.622242112 3.613738079 2.748103131 4.619058125 14 3.369965167 2.637373204 0.296738972 0.379165148
"159" 159 "LM7123" "With-Microbiome" 4 1 2.413773285 2.815770316 NA NA NA NA NA 6.26696039 4.815746369 6.26696039 21 4.158160734 2.58808618 0.240490944 0.386385897
"160" 160 "LM7123" "With-Microbiome" 5 1 1.321574232 2.696825005 2.72480661 3.124702866 5.012889562 2.94336401 NA 4.884234353 2.849911465 5.012889562 14 3.46294783 3.049462873 0.288771315 0.327926603
"161" 161 "LM8389" "With-Microbiome" 1 1 1.72523544 2.786297135 3.725539964 2.479349381 2.983682463 4.245320334 3.173016115 3.5370413 3.448621977 4.245320334 17 4.301888834 2.459264716 0.23245603 0.406625604
"162" 162 "LM8389" "With-Microbiome" 2 1 1.594005238 2.535856151 2.785756222 2.546885209 2.61639891 3.5114376 4.676259301 3.055968142 2.900213335 4.676259301 19 5.500188342 3.52002408 0.181811956 0.284088966
"163" 163 "LM8389" "With-Microbiome" 3 1 1.706803771 2.670939903 3.571168037 3.182356278 4.09431764 4.103978506 3.116193061 5.388172726 3.207773194 5.388172726 21 4.830319757 2.623268986 0.207025632 0.38120376
"164" 164 "LM8389" "With-Microbiome" 4 1 1.311639202 1.954946081 2.269472638 2.58084254 3.733217078 3.407821212 3.122648298 3.449996734 3.24891452 3.733217078 14 5.24629482 5.021938836 0.190610714 0.19912628
"165" 165 "LM8389" "With-Microbiome" 5 1 1.518644166 1.905222017 3.952961214 2.750327081 4.159174849 4.04886946 3.706719158 3.814188746 3.586815673 4.159174849 14 3.364305414 2.060005085 0.297238175 0.485435695
"166" 166 "LY5280" "With-Microbiome" 1 1 1.219266139 3.711431488 4.252781181 4.149034667 5.037455522 NA NA 3.468170372 4.961980409 5.037455522 14 2.772294239 1.638199619 0.360712072 0.610426219
"167" 167 "LY5280" "With-Microbiome" 2 1 0.597811585 1.739301232 2.291869401 3.530098136 NA NA 2.329104214 NA 3.100474001 3.530098136 12 3.653876514 3.164999928 0.273681936 0.315955773
"168" 168 "LY5280" "With-Microbiome" 3 1 1.301526509 3.480588636 3.562547209 3.342691052 NA NA 2.87964035 3.586007469 3.559439486 3.586007469 21 4.454770595 1.975977623 0.22447845 0.506078606
"169" 169 "LY5280" "With-Microbiome" 4 1 1.335425279 2.038537197 3.657678884 3.118052018 3.027454233 3.027541262 4.374541475 3.463515907 3.08197826 4.374541475 19 4.998688529 2.310793537 0.200052473 0.432751773
"170" 170 "LY5280" "With-Microbiome" 5 1 2.019856713 1.987999051 1.916454304 4.45372803 4.335139237 4.460342545 4.652770918 NA 5.537293481 5.537293481 25 4.838499066 4.801428527 0.206675663 0.20827135
"171" 171 "LV7650" "With-Microbiome" 1 1 1.095572961 2.355026105 2.416893298 4.237902737 NA NA NA NA 4.195138737 4.237902737 12 3.322715604 3.464859884 0.300958649 0.288611959
"172" 172 "LV7650" "With-Microbiome" 2 1 1.832369165 4.480996483 6.404984106 5.359564418 NA NA NA NA 4.049328155 6.404984106 7 1.156454997 1.156454997 0.864711556 0.864711556
"173" 173 "LV7650" "With-Microbiome" 3 1 1.626651128 2.417054582 NA NA NA NA 1.729040449 NA 3.393349328 3.393349328 25 8.704905478 3.485746986 0.114877755 0.286882555
"174" 174 "LV7650" "With-Microbiome" 4 1 1.460657288 2.323145006 2.803744304 2.361150414 4.090654398 NA NA NA 2.535528164 4.090654398 14 4.323725403 3.587476377 0.231282033 0.27874748
"175" 175 "LV7650" "With-Microbiome" 5 1 0.875065962 3.458974586 NA NA NA NA NA 11.69070662 3.236027373 11.69070662 21 1.821801234 1.34141029 0.548907302 0.745484068
"176" 176 "LM7200" "With-Microbiome" 1 1 1.070812821 2.025122419 NA NA NA NA NA NA 2.444187867 2.444187867 25 13.40304986 3.684877419 0.074609884 0.271379448
"177" 177 "LM7200" "With-Microbiome" 2 1 1.335121379 1.916867444 NA NA NA NA 12.12778513 NA 2.007637449 12.12778513 19 1.543431764 5.229436458 0.647906842 0.191225194
"178" 178 "LM7200" "With-Microbiome" 3 1 1.391282534 1.983449093 2.439046687 2.478759795 NA NA NA NA 3.02051277 3.02051277 25 10.5430584 4.631776172 0.094849138 0.215899897
"179" 179 "LM7200" "With-Microbiome" 4 1 0.763451868 1.955433793 2.118925118 2.665342482 NA NA NA 2.266445805 3.002295242 3.002295242 25 9.348005191 3.638589938 0.106974695 0.274831739
"180" 180 "LM7200" "With-Microbiome" 5 1 1.296974471 1.800023719 NA NA NA NA NA NA 3.134102383 3.134102383 25 11.81873881 6.009577695 0.084611397 0.166401044
"181" 181 "LA7339" "With-Microbiome" 1 1 1.881254313 2.992558699 4.040911205 4.791145433 5.082653379 4.413357284 5.645069633 5.001446221 4.660053329 5.645069633 19 3.900259829 2.231823218 0.256393175 0.448064162
"182" 182 "LA7339" "With-Microbiome" 2 1 1.727262551 3.107350145 NA NA 8.60174034 NA NA NA 3.672238712 8.60174034 14 1.7379202 2.251620462 0.575400412 0.444124584
"183" 183 "LA7339" "With-Microbiome" 3 1 1.780534735 2.321418906 3.615108756 3.907852475 NA 5.588552616 5.727917092 6.013900748 4.590330334 6.013900748 21 4.037591081 2.634024 0.247672431 0.379647262
"184" 184 "LA7339" "With-Microbiome" 4 1 2.086676008 3.678014294 NA 4.562866295 7.332037669 5.513355172 4.671145783 4.876527981 3.901656642 7.332037669 14 2.315596195 1.82203099 0.431854225 0.548838085
"185" 185 "LA7339" "With-Microbiome" 5 1 1.741462946 3.044006904 4.070383117 6.689355414 5.824662415 5.667990724 5.170740902 5.161744808 5.833996261 6.689355414 12 2.006769638 2.145675732 0.4983133 0.466053647
"186" 186 "LP8539" "With-Microbiome" 1 1 1.541053616 3.258862151 NA NA NA NA NA NA 3.568296562 3.568296562 25 6.859764487 1.959377482 0.145777599 0.51036618
"187" 187 "LP8539" "With-Microbiome" 2 1 3.463629576 3.280548339 4.753426603 5.81771486 NA NA NA NA 3.575355415 5.81771486 12 2.36299444 1.806888341 0.423191855 0.553437629
"188" 188 "LP8539" "With-Microbiome" 3 1 1.599346246 3.780045207 NA NA NA NA NA NA 2.651325779 3.780045207 5 1.561875756 1.561875756 0.640255793 0.640255793
"189" 189 "LP8539" "With-Microbiome" 4 1 2.342919165 3.735707081 NA NA 4.237647284 NA NA NA 3.064733754 4.237647284 14 3.568430541 1.825257782 0.280235243 0.547867819
"190" 190 "LP8539" "With-Microbiome" 5 1 2.503536347 4.019872036 7.255013507 NA NA 13.33589828 NA NA 6.265552192 13.33589828 17 1.306267383 1.070550013 0.765540052 0.934099283
"191" 191 "LT9243" "With-Microbiome" 1 1 1.292549804 1.670676115 2.355027979 2.628511693 NA 3.244789403 4.303417006 3.764368091 4.596402001 4.596402001 25 6.617802065 4.886359378 0.151107572 0.204651341
"192" 192 "LT9243" "With-Microbiome" 2 1 1.390758368 2.109026496 NA NA NA NA NA 2.780836608 4.472996585 4.472996585 25 7.740207274 4.294847438 0.129195507 0.232837141
"193" 193 "LT9243" "With-Microbiome" 3 1 1.221216321 2.369307969 3.07198405 3.072108677 3.038303704 NA NA 1.802879947 3.312856164 3.312856164 25 5.426220821 2.891383634 0.184290325 0.345855177
"194" 194 "LT9243" "With-Microbiome" 4 1 1.334551582 1.429461449 NA NA NA NA NA NA 3.796868365 3.796868365 25 8.82937713 10.94011899 0.113258272 0.091406684
"195" 195 "LT9243" "With-Microbiome" 5 1 1.694723693 2.007035235 2.462764055 2.692224978 2.76640401 NA NA NA 2.963262458 2.963262458 25 10.37253465 4.847551878 0.096408451 0.206289695
"196" 196 "PS" "With-Microbiome" 1 1 1.170505595 1.157674829 1.214674099 1.53415128 1.577853827 1.928071473 1.850548908 2.130398549 2.212864497 2.212864497 25 18.79397227 29.10928821 0.053208549 0.034353296
"197" 197 "PS" "With-Microbiome" 2 1 1.189923916 1.121179782 1.176478533 1.432996437 1.609882779 1.541278116 1.792503109 1.70965516 1.759799058 1.792503109 19 23.90812544 25.93171389 0.041826784 0.038562819
"198" 198 "PS" "With-Microbiome" 3 1 1.189498577 1.177774509 1.168139778 1.391926448 1.321925168 1.881612665 1.617010884 1.655913318 1.766593818 1.881612665 17 19.05294167 25.97874158 0.052485334 0.038493012
"199" 199 "PS" "With-Microbiome" 4 1 1.132187377 1.263624942 1.23928739 1.381312391 1.342842859 1.782089027 1.646906749 1.614774898 1.3515487 1.782089027 17 22.86581297 23.23172476 0.043733411 0.043044587
"200" 200 "PS" "With-Microbiome" 5 1 1.063374787 1.171797849 1.350848082 1.443116035 1.579016649 1.724725723 1.609401406 1.515550145 1.5571992 1.724725723 17 22.75155301 18.47490929 0.043953044 0.054127465
