	Numerical_ID	ID	Species	Treatment	Replicates	Days	Measure
1	6	6	SP7820	No-Microbiome	1	0	1
2	7	7	SP7820	No-Microbiome	2	0	1
3	8	8	SP7820	No-Microbiome	3	0	1
4	9	9	SP7820	No-Microbiome	4	0	1
5	10	10	SP7820	No-Microbiome	5	0	1
6	11	11	SI9227	No-Microbiome	1	0	1
7	12	12	SI9227	No-Microbiome	2	0	1
8	13	13	SI9227	No-Microbiome	3	0	1
9	14	14	SI9227	No-Microbiome	4	0	1
10	15	15	SI9227	No-Microbiome	5	0	1
11	16	16	SP9509	No-Microbiome	1	0	1
12	17	17	SP9509	No-Microbiome	2	0	1
13	18	18	SP9509	No-Microbiome	3	0	1
14	19	19	SP9509	No-Microbiome	4	0	1
15	20	20	SP9509	No-Microbiome	5	0	1
16	21	21	SP5543	No-Microbiome	1	0	1
17	22	22	SP5543	No-Microbiome	2	0	1
18	23	23	SP5543	No-Microbiome	3	0	1
19	24	24	SP5543	No-Microbiome	4	0	1
20	25	25	SP5543	No-Microbiome	5	0	1
21	26	26	SP7498	No-Microbiome	1	0	1
22	27	27	SP7498	No-Microbiome	2	0	1
23	28	28	SP7498	No-Microbiome	3	0	1
24	29	29	SP7498	No-Microbiome	4	0	1
25	30	30	SP7498	No-Microbiome	5	0	1
26	31	31	SP9192	No-Microbiome	1	0	1
27	32	32	SP9192	No-Microbiome	2	0	1
28	33	33	SP9192	No-Microbiome	3	0	1
29	34	34	SP9192	No-Microbiome	4	0	1
30	35	35	SP9192	No-Microbiome	5	0	1
31	36	36	LP7760	No-Microbiome	1	0	1
32	37	37	LP7760	No-Microbiome	2	0	1
33	38	38	LP7760	No-Microbiome	3	0	1
34	39	39	LP7760	No-Microbiome	4	0	1
35	40	40	LP7760	No-Microbiome	5	0	1
36	41	41	LP0049	No-Microbiome	1	0	1
37	42	42	LP0049	No-Microbiome	2	0	1
38	43	43	LP0049	No-Microbiome	3	0	1
39	44	44	LP0049	No-Microbiome	4	0	1
40	45	45	LP0049	No-Microbiome	5	0	1
41	46	46	LT9109	No-Microbiome	1	0	1
42	47	47	LT9109	No-Microbiome	2	0	1
43	48	48	LT9109	No-Microbiome	3	0	1
44	49	49	LT9109	No-Microbiome	4	0	1
45	50	50	LT9109	No-Microbiome	5	0	1
46	51	51	LJ9250	No-Microbiome	1	0	1
47	52	52	LJ9250	No-Microbiome	2	0	1
48	53	53	LJ9250	No-Microbiome	3	0	1
49	54	54	LJ9250	No-Microbiome	4	0	1
50	55	55	LJ9250	No-Microbiome	5	0	1
51	56	56	LM7123	No-Microbiome	1	0	1
52	57	57	LM7123	No-Microbiome	2	0	1
53	58	58	LM7123	No-Microbiome	3	0	1
54	59	59	LM7123	No-Microbiome	4	0	1
55	60	60	LM7123	No-Microbiome	5	0	1
56	61	61	LM8389	No-Microbiome	1	0	1
57	62	62	LM8389	No-Microbiome	2	0	1
58	63	63	LM8389	No-Microbiome	3	0	1
59	64	64	LM8389	No-Microbiome	4	0	1
60	65	65	LM8389	No-Microbiome	5	0	1
61	66	66	LV7605	No-Microbiome	1	0	1
62	67	67	LV7605	No-Microbiome	2	0	1
63	68	68	LV7605	No-Microbiome	3	0	1
64	69	69	LV7605	No-Microbiome	4	0	1
65	70	70	LV7605	No-Microbiome	5	0	1
66	71	71	LY9208	No-Microbiome	1	0	1
67	72	72	LY9208	No-Microbiome	2	0	1
68	73	73	LY9208	No-Microbiome	3	0	1
69	74	74	LY9208	No-Microbiome	4	0	1
70	75	75	LY9208	No-Microbiome	5	0	1
71	76	76	LM9200	No-Microbiome	1	0	1
72	77	77	LM9200	No-Microbiome	2	0	1
73	78	78	LM9200	No-Microbiome	3	0	1
74	79	79	LM9200	No-Microbiome	4	0	1
75	80	80	LM9200	No-Microbiome	5	0	1
76	81	81	LA7339	No-Microbiome	1	0	1
77	82	82	LA7339	No-Microbiome	2	0	1
78	83	83	LA7339	No-Microbiome	3	0	1
79	84	84	LA7339	No-Microbiome	4	0	1
80	85	85	LA7339	No-Microbiome	5	0	1
81	86	86	LP8539	No-Microbiome	1	0	1
82	87	87	LP8539	No-Microbiome	2	0	1
83	88	88	LP8539	No-Microbiome	3	0	1
84	89	89	LP8539	No-Microbiome	4	0	1
85	90	90	LP8539	No-Microbiome	5	0	1
86	91	91	LT9243	No-Microbiome	1	0	1
87	92	92	LT9243	No-Microbiome	2	0	1
88	93	93	LT9243	No-Microbiome	3	0	1
89	94	94	LT9243	No-Microbiome	4	0	1
90	95	95	LT9243	No-Microbiome	5	0	1
91	96	96	PS	No-Microbiome	1	0	1
92	97	97	PS	No-Microbiome	2	0	1
93	98	98	PS	No-Microbiome	3	0	1
94	99	99	PS	No-Microbiome	4	0	1
95	100	100	PS	No-Microbiome	5	0	1
96	106	106	SP7820	With-Microbiome	1	0	1
97	107	107	SP7820	With-Microbiome	2	0	1
98	108	108	SP7820	With-Microbiome	3	0	1
99	109	109	SP7820	With-Microbiome	4	0	1
100	110	110	SP7820	With-Microbiome	5	0	1
101	111	111	SI9227	With-Microbiome	1	0	1
102	112	112	SI9227	With-Microbiome	2	0	1
103	113	113	SI9227	With-Microbiome	3	0	1
104	114	114	SI9227	With-Microbiome	4	0	1
105	115	115	SI9227	With-Microbiome	5	0	1
106	116	116	SP9509	With-Microbiome	1	0	1
107	117	117	SP9509	With-Microbiome	2	0	1
108	118	118	SP9509	With-Microbiome	3	0	1
109	119	119	SP9509	With-Microbiome	4	0	1
110	120	120	SP9509	With-Microbiome	5	0	1
111	121	121	SP5543	With-Microbiome	1	0	1
112	122	122	SP5543	With-Microbiome	2	0	1
113	123	123	SP5543	With-Microbiome	3	0	1
114	124	124	SP5543	With-Microbiome	4	0	1
115	125	125	SP5543	With-Microbiome	5	0	1
116	126	126	SP7498	With-Microbiome	1	0	1
117	127	127	SP7498	With-Microbiome	2	0	1
118	128	128	SP7498	With-Microbiome	3	0	1
119	129	129	SP7498	With-Microbiome	4	0	1
120	130	130	SP7498	With-Microbiome	5	0	1
121	131	131	SP9192	With-Microbiome	1	0	1
122	132	132	SP9192	With-Microbiome	2	0	1
123	133	133	SP9192	With-Microbiome	3	0	1
124	134	134	SP9192	With-Microbiome	4	0	1
125	135	135	SP9192	With-Microbiome	5	0	1
126	136	136	LP7760	With-Microbiome	1	0	1
127	137	137	LP7760	With-Microbiome	2	0	1
128	138	138	LP7760	With-Microbiome	3	0	1
129	139	139	LP7760	With-Microbiome	4	0	1
130	140	140	LP7760	With-Microbiome	5	0	1
131	141	141	LP0049	With-Microbiome	1	0	1
132	142	142	LP0049	With-Microbiome	2	0	1
133	143	143	LP0049	With-Microbiome	3	0	1
134	144	144	LP0049	With-Microbiome	4	0	1
135	145	145	LP0049	With-Microbiome	5	0	1
136	146	146	LT9109	With-Microbiome	1	0	1
137	147	147	LT9109	With-Microbiome	2	0	1
138	148	148	LT9109	With-Microbiome	3	0	1
139	149	149	LT9109	With-Microbiome	4	0	1
140	150	150	LT9109	With-Microbiome	5	0	1
141	151	151	LJ9250	With-Microbiome	1	0	1
142	152	152	LJ9250	With-Microbiome	2	0	1
143	153	153	LJ9250	With-Microbiome	3	0	1
144	154	154	LJ9250	With-Microbiome	4	0	1
145	155	155	LJ9250	With-Microbiome	5	0	1
146	156	156	LM7123	With-Microbiome	1	0	1
147	157	157	LM7123	With-Microbiome	2	0	1
148	158	158	LM7123	With-Microbiome	3	0	1
149	159	159	LM7123	With-Microbiome	4	0	1
150	160	160	LM7123	With-Microbiome	5	0	1
151	161	161	LM8389	With-Microbiome	1	0	1
152	162	162	LM8389	With-Microbiome	2	0	1
153	163	163	LM8389	With-Microbiome	3	0	1
154	164	164	LM8389	With-Microbiome	4	0	1
155	165	165	LM8389	With-Microbiome	5	0	1
156	166	166	LY9208	With-Microbiome	1	0	1
157	167	167	LY9208	With-Microbiome	2	0	1
158	168	168	LY9208	With-Microbiome	3	0	1
159	169	169	LY9208	With-Microbiome	4	0	1
160	170	170	LY9208	With-Microbiome	5	0	1
161	171	171	LV7605	With-Microbiome	1	0	1
162	172	172	LV7605	With-Microbiome	2	0	1
163	173	173	LV7605	With-Microbiome	3	0	1
164	174	174	LV7605	With-Microbiome	4	0	1
165	175	175	LV7605	With-Microbiome	5	0	1
166	176	176	LM7200	With-Microbiome	1	0	1
167	177	177	LM7200	With-Microbiome	2	0	1
168	178	178	LM7200	With-Microbiome	3	0	1
169	179	179	LM7200	With-Microbiome	4	0	1
170	180	180	LM7200	With-Microbiome	5	0	1
171	181	181	LA7339	With-Microbiome	1	0	1
172	182	182	LA7339	With-Microbiome	2	0	1
173	183	183	LA7339	With-Microbiome	3	0	1
174	184	184	LA7339	With-Microbiome	4	0	1
175	185	185	LA7339	With-Microbiome	5	0	1
176	186	186	LP8539	With-Microbiome	1	0	1
177	187	187	LP8539	With-Microbiome	2	0	1
178	188	188	LP8539	With-Microbiome	3	0	1
179	189	189	LP8539	With-Microbiome	4	0	1
180	190	190	LP8539	With-Microbiome	5	0	1
181	191	191	LT9243	With-Microbiome	1	0	1
182	192	192	LT9243	With-Microbiome	2	0	1
183	193	193	LT9243	With-Microbiome	3	0	1
184	194	194	LT9243	With-Microbiome	4	0	1
185	195	195	LT9243	With-Microbiome	5	0	1
186	196	196	PS	With-Microbiome	1	0	1
187	197	197	PS	With-Microbiome	2	0	1
188	198	198	PS	With-Microbiome	3	0	1
189	199	199	PS	With-Microbiome	4	0	1
190	200	200	PS	With-Microbiome	5	0	1
191	6	6	SP7820	No-Microbiome	1	3	1.409979447
192	7	7	SP7820	No-Microbiome	2	3	1.43773562
193	8	8	SP7820	No-Microbiome	3	3	2.058312839
194	9	9	SP7820	No-Microbiome	4	3	1.428912929
195	10	10	SP7820	No-Microbiome	5	3	1.599453989
196	11	11	SI9227	No-Microbiome	1	3	1.550614796
197	12	12	SI9227	No-Microbiome	2	3	1.098691634
198	13	13	SI9227	No-Microbiome	3	3	1.426314193
199	14	14	SI9227	No-Microbiome	4	3	0.924893526
200	15	15	SI9227	No-Microbiome	5	3	1.074027942
201	16	16	SP9509	No-Microbiome	1	3	1.381554463
202	17	17	SP9509	No-Microbiome	2	3	1.367174031
203	18	18	SP9509	No-Microbiome	3	3	1.17563319
204	19	19	SP9509	No-Microbiome	4	3	1.39981732
205	20	20	SP9509	No-Microbiome	5	3	1.346317313
206	21	21	SP5543	No-Microbiome	1	3	1.01635259
207	22	22	SP5543	No-Microbiome	2	3	0.87405085
208	23	23	SP5543	No-Microbiome	3	3	1.686877471
209	24	24	SP5543	No-Microbiome	4	3	1.194521933
210	25	25	SP5543	No-Microbiome	5	3	1.273795411
211	26	26	SP7498	No-Microbiome	1	3	1.121054556
212	27	27	SP7498	No-Microbiome	2	3	1.666646775
213	28	28	SP7498	No-Microbiome	3	3	1.337610023
214	29	29	SP7498	No-Microbiome	4	3	1.23580369
215	30	30	SP7498	No-Microbiome	5	3	0.936351749
216	31	31	SP9192	No-Microbiome	1	3	1.702581504
217	32	32	SP9192	No-Microbiome	2	3	1.701917247
218	33	33	SP9192	No-Microbiome	3	3	1.530729126
219	34	34	SP9192	No-Microbiome	4	3	1.092333206
220	35	35	SP9192	No-Microbiome	5	3	1.388058271
221	36	36	LP7760	No-Microbiome	1	3	1.693583094
222	37	37	LP7760	No-Microbiome	2	3	1.057620024
223	38	38	LP7760	No-Microbiome	3	3	0.805226932
224	39	39	LP7760	No-Microbiome	4	3	0.718182947
225	40	40	LP7760	No-Microbiome	5	3	0.974679761
226	41	41	LP0049	No-Microbiome	1	3	0.770967238
227	42	42	LP0049	No-Microbiome	2	3	0.699552609
228	43	43	LP0049	No-Microbiome	3	3	0.754489997
229	44	44	LP0049	No-Microbiome	4	3	0.915710058
230	45	45	LP0049	No-Microbiome	5	3	0.547869878
231	46	46	LT9109	No-Microbiome	1	3	0.919375032
232	47	47	LT9109	No-Microbiome	2	3	0.536185877
233	48	48	LT9109	No-Microbiome	3	3	0.54074778
234	49	49	LT9109	No-Microbiome	4	3	0.940577155
235	50	50	LT9109	No-Microbiome	5	3	0.408844482
236	51	51	LJ9250	No-Microbiome	1	3	1.085886468
237	52	52	LJ9250	No-Microbiome	2	3	0.942529338
238	53	53	LJ9250	No-Microbiome	3	3	0.885580333
239	54	54	LJ9250	No-Microbiome	4	3	1.052997958
240	55	55	LJ9250	No-Microbiome	5	3	0.666492655
241	56	56	LM7123	No-Microbiome	1	3	0.876599514
242	57	57	LM7123	No-Microbiome	2	3	1.197851676
243	58	58	LM7123	No-Microbiome	3	3	1.847945073
244	59	59	LM7123	No-Microbiome	4	3	1.220976581
245	60	60	LM7123	No-Microbiome	5	3	1.09414156
246	61	61	LM8389	No-Microbiome	1	3	1.384657901
247	62	62	LM8389	No-Microbiome	2	3	1.151552607
248	63	63	LM8389	No-Microbiome	3	3	1.372660352
249	64	64	LM8389	No-Microbiome	4	3	1.232832339
250	65	65	LM8389	No-Microbiome	5	3	1.597072714
251	66	66	LV7605	No-Microbiome	1	3	1.532919399
252	67	67	LV7605	No-Microbiome	2	3	1.344330752
253	68	68	LV7605	No-Microbiome	3	3	0.807124275
254	69	69	LV7605	No-Microbiome	4	3	1.344456095
255	70	70	LV7605	No-Microbiome	5	3	1.390990456
256	71	71	LY9208	No-Microbiome	1	3	1.386679744
257	72	72	LY9208	No-Microbiome	2	3	1.156282684
258	73	73	LY9208	No-Microbiome	3	3	1.514316483
259	74	74	LY9208	No-Microbiome	4	3	1.423172643
260	75	75	LY9208	No-Microbiome	5	3	1.444997844
261	76	76	LM7200	No-Microbiome	1	3	1.22506431
262	77	77	LM7200	No-Microbiome	2	3	1.85604089
263	78	78	LM7200	No-Microbiome	3	3	2.471064293
264	79	79	LM7200	No-Microbiome	4	3	1.671027898
265	80	80	LM7200	No-Microbiome	5	3	2.490619155
266	81	81	LA7339	No-Microbiome	1	3	1.804138041
267	82	82	LA7339	No-Microbiome	2	3	1.416057398
268	83	83	LA7339	No-Microbiome	3	3	1.00609282
269	84	84	LA7339	No-Microbiome	4	3	1.806384335
270	85	85	LA7339	No-Microbiome	5	3	1.641856783
271	86	86	LP8539	No-Microbiome	1	3	3.68024673
272	87	87	LP8539	No-Microbiome	2	3	1.663165851
273	88	88	LP8539	No-Microbiome	3	3	1.709324313
274	89	89	LP8539	No-Microbiome	4	3	2.175324082
275	90	90	LP8539	No-Microbiome	5	3	0.521278911
276	91	91	LT9243	No-Microbiome	1	3	2.010707428
277	92	92	LT9243	No-Microbiome	2	3	1.281198584
278	93	93	LT9243	No-Microbiome	3	3	1.551259795
279	94	94	LT9243	No-Microbiome	4	3	1.151303468
280	95	95	LT9243	No-Microbiome	5	3	1.096281825
281	96	96	PS	No-Microbiome	1	3	1.156150233
282	97	97	PS	No-Microbiome	2	3	0.972769939
283	98	98	PS	No-Microbiome	3	3	0.897901006
284	99	99	PS	No-Microbiome	4	3	1.096791921
285	100	100	PS	No-Microbiome	5	3	0.938547563
286	106	106	SP7820	With-Microbiome	1	3	1.197790109
287	107	107	SP7820	With-Microbiome	2	3	1.629374901
288	108	108	SP7820	With-Microbiome	3	3	1.756178669
289	109	109	SP7820	With-Microbiome	4	3	1.777884846
290	110	110	SP7820	With-Microbiome	5	3	1.430101525
291	111	111	SI9227	With-Microbiome	1	3	1.089071758
292	112	112	SI9227	With-Microbiome	2	3	2.020224302
293	113	113	SI9227	With-Microbiome	3	3	2.0022083
294	114	114	SI9227	With-Microbiome	4	3	1.137488346
295	115	115	SI9227	With-Microbiome	5	3	1.171807634
296	116	116	SP9509	With-Microbiome	1	3	1.767570272
297	117	117	SP9509	With-Microbiome	2	3	1.408511331
298	118	118	SP9509	With-Microbiome	3	3	1.368436745
299	119	119	SP9509	With-Microbiome	4	3	2.149729503
300	120	120	SP9509	With-Microbiome	5	3	1.96311204
301	121	121	SP5543	With-Microbiome	1	3	2.396358307
302	122	122	SP5543	With-Microbiome	2	3	1.298244094
303	123	123	SP5543	With-Microbiome	3	3	1.575574135
304	124	124	SP5543	With-Microbiome	4	3	1.625257118
305	125	125	SP5543	With-Microbiome	5	3	1.925729057
306	126	126	SP7498	With-Microbiome	1	3	1.19893552
307	127	127	SP7498	With-Microbiome	2	3	2.147162953
308	128	128	SP7498	With-Microbiome	3	3	1.445689138
309	129	129	SP7498	With-Microbiome	4	3	1.546897628
310	130	130	SP7498	With-Microbiome	5	3	1.495206982
311	131	131	SP9192	With-Microbiome	1	3	1.064872502
312	132	132	SP9192	With-Microbiome	2	3	1.558841808
313	133	133	SP9192	With-Microbiome	3	3	1.819620182
314	134	134	SP9192	With-Microbiome	4	3	1.479628572
315	135	135	SP9192	With-Microbiome	5	3	1.586222862
316	136	136	LP7760	With-Microbiome	1	3	1.792929095
317	137	137	LP7760	With-Microbiome	2	3	1.295812967
318	138	138	LP7760	With-Microbiome	3	3	1.669271016
319	139	139	LP7760	With-Microbiome	4	3	1.499028863
320	140	140	LP7760	With-Microbiome	5	3	1.526310251
321	141	141	LP0049	With-Microbiome	1	3	1.234149871
322	142	142	LP0049	With-Microbiome	2	3	1.613106929
323	143	143	LP0049	With-Microbiome	3	3	1.277096067
324	144	144	LP0049	With-Microbiome	4	3	1.416423512
325	145	145	LP0049	With-Microbiome	5	3	1.512791042
326	146	146	LT9109	With-Microbiome	1	3	1.674557815
327	147	147	LT9109	With-Microbiome	2	3	1.474107934
328	148	148	LT9109	With-Microbiome	3	3	2.182017536
329	149	149	LT9109	With-Microbiome	4	3	1.903762586
330	150	150	LT9109	With-Microbiome	5	3	1.091514798
331	151	151	LJ9250	With-Microbiome	1	3	1.804246491
332	152	152	LJ9250	With-Microbiome	2	3	1.636345316
333	153	153	LJ9250	With-Microbiome	3	3	1.926368437
334	154	154	LJ9250	With-Microbiome	4	3	1.955883322
335	155	155	LJ9250	With-Microbiome	5	3	1.328495429
336	156	156	LM7123	With-Microbiome	1	3	1.435748029
337	157	157	LM7123	With-Microbiome	2	3	1.516681399
338	158	158	LM7123	With-Microbiome	3	3	1.279820865
339	159	159	LM7123	With-Microbiome	4	3	2.413773285
340	160	160	LM7123	With-Microbiome	5	3	1.321574232
341	161	161	LM8389	With-Microbiome	1	3	1.72523544
342	162	162	LM8389	With-Microbiome	2	3	1.594005238
343	163	163	LM8389	With-Microbiome	3	3	1.706803771
344	164	164	LM8389	With-Microbiome	4	3	1.311639202
345	165	165	LM8389	With-Microbiome	5	3	1.518644166
346	166	166	LY9208	With-Microbiome	1	3	1.219266139
347	167	167	LY9208	With-Microbiome	2	3	0.597811585
348	168	168	LY9208	With-Microbiome	3	3	1.301526509
349	169	169	LY9208	With-Microbiome	4	3	1.335425279
350	170	170	LY9208	With-Microbiome	5	3	2.019856713
351	171	171	LV7605	With-Microbiome	1	3	1.095572961
352	172	172	LV7605	With-Microbiome	2	3	1.832369165
353	173	173	LV7605	With-Microbiome	3	3	1.626651128
354	174	174	LV7605	With-Microbiome	4	3	1.460657288
355	175	175	LV7605	With-Microbiome	5	3	0.875065962
356	176	176	LM7200	With-Microbiome	1	3	1.070812821
357	177	177	LM7200	With-Microbiome	2	3	1.335121379
358	178	178	LM7200	With-Microbiome	3	3	1.391282534
359	179	179	LM7200	With-Microbiome	4	3	0.763451868
360	180	180	LM7200	With-Microbiome	5	3	1.296974471
361	181	181	LA7339	With-Microbiome	1	3	1.881254313
362	182	182	LA7339	With-Microbiome	2	3	1.727262551
363	183	183	LA7339	With-Microbiome	3	3	1.780534735
364	184	184	LA7339	With-Microbiome	4	3	2.086676008
365	185	185	LA7339	With-Microbiome	5	3	1.741462946
366	186	186	LP8539	With-Microbiome	1	3	1.541053616
367	187	187	LP8539	With-Microbiome	2	3	3.463629576
368	188	188	LP8539	With-Microbiome	3	3	1.599346246
369	189	189	LP8539	With-Microbiome	4	3	2.342919165
370	190	190	LP8539	With-Microbiome	5	3	2.503536347
371	191	191	LT9243	With-Microbiome	1	3	1.292549804
372	192	192	LT9243	With-Microbiome	2	3	1.390758368
373	193	193	LT9243	With-Microbiome	3	3	1.221216321
374	194	194	LT9243	With-Microbiome	4	3	1.334551582
375	195	195	LT9243	With-Microbiome	5	3	1.694723693
376	196	196	PS	With-Microbiome	1	3	1.170505595
377	197	197	PS	With-Microbiome	2	3	1.189923916
378	198	198	PS	With-Microbiome	3	3	1.189498577
379	199	199	PS	With-Microbiome	4	3	1.132187377
380	200	200	PS	With-Microbiome	5	3	1.063374787
381	6	6	SP7820	No-Microbiome	1	5	1.575739422
382	7	7	SP7820	No-Microbiome	2	5	1.878571227
383	8	8	SP7820	No-Microbiome	3	5	2.757251958
384	9	9	SP7820	No-Microbiome	4	5	1.461430426
385	10	10	SP7820	No-Microbiome	5	5	1.794842987
386	11	11	SI9227	No-Microbiome	1	5	2.04151937
387	12	12	SI9227	No-Microbiome	2	5	1.30229062
388	13	13	SI9227	No-Microbiome	3	5	1.409034539
389	14	14	SI9227	No-Microbiome	4	5	1.526674158
390	15	15	SI9227	No-Microbiome	5	5	1.496447048
391	16	16	SP9509	No-Microbiome	1	5	1.733634121
392	17	17	SP9509	No-Microbiome	2	5	1.697353234
393	18	18	SP9509	No-Microbiome	3	5	1.461993183
394	19	19	SP9509	No-Microbiome	4	5	1.731884572
395	20	20	SP9509	No-Microbiome	5	5	1.513282558
396	21	21	SP5543	No-Microbiome	1	5	1.420541417
397	22	22	SP5543	No-Microbiome	2	5	1.650619066
398	23	23	SP5543	No-Microbiome	3	5	1.70218481
399	24	24	SP5543	No-Microbiome	4	5	1.717545905
400	25	25	SP5543	No-Microbiome	5	5	1.225018872
401	26	26	SP7498	No-Microbiome	1	5	1.459827124
402	27	27	SP7498	No-Microbiome	2	5	2.221213187
403	28	28	SP7498	No-Microbiome	3	5	1.610302434
404	29	29	SP7498	No-Microbiome	4	5	1.35783171
405	30	30	SP7498	No-Microbiome	5	5	1.680317597
406	31	31	SP9192	No-Microbiome	1	5	2.269147535
407	32	32	SP9192	No-Microbiome	2	5	2.184547621
408	33	33	SP9192	No-Microbiome	3	5	2.184355633
409	34	34	SP9192	No-Microbiome	4	5	1.682852347
410	35	35	SP9192	No-Microbiome	5	5	1.727525272
411	36	36	LP7760	No-Microbiome	1	5	2.770271797
412	37	37	LP7760	No-Microbiome	2	5	1.297925838
413	38	38	LP7760	No-Microbiome	3	5	1.147340228
414	39	39	LP7760	No-Microbiome	4	5	1.304160448
415	40	40	LP7760	No-Microbiome	5	5	1.549551768
416	41	41	LP0049	No-Microbiome	1	5	0.774901844
417	42	42	LP0049	No-Microbiome	2	5	0.759000063
418	43	43	LP0049	No-Microbiome	3	5	1.009199927
419	44	44	LP0049	No-Microbiome	4	5	0.590692805
420	45	45	LP0049	No-Microbiome	5	5	0.999379379
421	46	46	LT9109	No-Microbiome	1	5	1.207610156
422	47	47	LT9109	No-Microbiome	2	5	1.811051446
423	48	48	LT9109	No-Microbiome	3	5	0.941873979
424	49	49	LT9109	No-Microbiome	4	5	1.127864731
425	50	50	LT9109	No-Microbiome	5	5	1.024421318
426	51	51	LJ9250	No-Microbiome	1	5	1.430911984
427	52	52	LJ9250	No-Microbiome	2	5	1.281097768
428	53	53	LJ9250	No-Microbiome	3	5	1.532708052
429	54	54	LJ9250	No-Microbiome	4	5	1.59250603
430	55	55	LJ9250	No-Microbiome	5	5	1.0843925
431	56	56	LM7123	No-Microbiome	1	5	1.701022187
432	57	57	LM7123	No-Microbiome	2	5	1.865566639
433	58	58	LM7123	No-Microbiome	3	5	2.327166951
434	59	59	LM7123	No-Microbiome	4	5	1.626474799
435	60	60	LM7123	No-Microbiome	5	5	2.576034989
436	61	61	LM8389	No-Microbiome	1	5	2.085106654
437	62	62	LM8389	No-Microbiome	2	5	1.732026751
438	63	63	LM8389	No-Microbiome	3	5	2.184307457
439	64	64	LM8389	No-Microbiome	4	5	1.733508417
440	65	65	LM8389	No-Microbiome	5	5	2.071060524
441	66	66	LV7605	No-Microbiome	1	5	1.857965747
442	67	67	LV7605	No-Microbiome	2	5	2.526572516
443	68	68	LV7605	No-Microbiome	3	5	1.965361987
444	69	69	LV7605	No-Microbiome	4	5	2.487064195
445	70	70	LV7605	No-Microbiome	5	5	2.780426906
446	71	71	LY9208	No-Microbiome	1	5	2.227431609
447	72	72	LY9208	No-Microbiome	2	5	2.259246911
448	73	73	LY9208	No-Microbiome	3	5	2.507588975
449	74	74	LY9208	No-Microbiome	4	5	3.87069657
450	75	75	LY9208	No-Microbiome	5	5	2.723844642
451	76	76	LM7200	No-Microbiome	1	5	1.380806058
452	77	77	LM7200	No-Microbiome	2	5	2.229832179
453	78	78	LM7200	No-Microbiome	3	5	2.971639625
454	79	79	LM7200	No-Microbiome	4	5	1.626167255
455	80	80	LM7200	No-Microbiome	5	5	4.963236632
456	81	81	LA7339	No-Microbiome	1	5	1.871853881
457	82	82	LA7339	No-Microbiome	2	5	2.37185079
458	83	83	LA7339	No-Microbiome	3	5	1.761288374
459	84	84	LA7339	No-Microbiome	4	5	1.782223562
460	85	85	LA7339	No-Microbiome	5	5	1.993177408
461	86	86	LP8539	No-Microbiome	1	5	3.22457329
462	87	87	LP8539	No-Microbiome	2	5	1.774225537
463	88	88	LP8539	No-Microbiome	3	5	2.278573925
464	89	89	LP8539	No-Microbiome	4	5	3.075180986
465	90	90	LP8539	No-Microbiome	5	5	0.987419186
466	91	91	LT9243	No-Microbiome	1	5	2.297827094
467	92	92	LT9243	No-Microbiome	2	5	1.730217704
468	93	93	LT9243	No-Microbiome	3	5	2.208848687
469	94	94	LT9243	No-Microbiome	4	5	1.36810881
470	95	95	LT9243	No-Microbiome	5	5	1.490663403
471	96	96	PS	No-Microbiome	1	5	1.184658667
472	97	97	PS	No-Microbiome	2	5	0.979411801
473	98	98	PS	No-Microbiome	3	5	0.94118363
474	99	99	PS	No-Microbiome	4	5	1.093076012
475	100	100	PS	No-Microbiome	5	5	0.941152464
476	106	106	SP7820	With-Microbiome	1	5	1.768703586
477	107	107	SP7820	With-Microbiome	2	5	2.15958835
478	108	108	SP7820	With-Microbiome	3	5	2.232505694
479	109	109	SP7820	With-Microbiome	4	5	1.969360884
480	110	110	SP7820	With-Microbiome	5	5	1.89823738
481	111	111	SI9227	With-Microbiome	1	5	1.913265413
482	112	112	SI9227	With-Microbiome	2	5	2.298941098
483	113	113	SI9227	With-Microbiome	3	5	2.124252185
484	114	114	SI9227	With-Microbiome	4	5	1.724744733
485	115	115	SI9227	With-Microbiome	5	5	1.468952869
486	116	116	SP9509	With-Microbiome	1	5	2.626253457
487	117	117	SP9509	With-Microbiome	2	5	1.679368743
488	118	118	SP9509	With-Microbiome	3	5	1.523779768
489	119	119	SP9509	With-Microbiome	4	5	3.114624879
490	120	120	SP9509	With-Microbiome	5	5	2.15803581
491	121	121	SP5543	With-Microbiome	1	5	1.937838343
492	122	122	SP5543	With-Microbiome	2	5	2.365316534
493	123	123	SP5543	With-Microbiome	3	5	3.392072792
494	124	124	SP5543	With-Microbiome	4	5	2.369410557
495	125	125	SP5543	With-Microbiome	5	5	2.313948311
496	126	126	SP7498	With-Microbiome	1	5	2.1667704
497	127	127	SP7498	With-Microbiome	2	5	3.013836526
498	128	128	SP7498	With-Microbiome	3	5	1.791280063
499	129	129	SP7498	With-Microbiome	4	5	1.82562359
500	130	130	SP7498	With-Microbiome	5	5	2.129954832
501	131	131	SP9192	With-Microbiome	1	5	1.618028316
502	132	132	SP9192	With-Microbiome	2	5	2.190334682
503	133	133	SP9192	With-Microbiome	3	5	2.134439136
504	134	134	SP9192	With-Microbiome	4	5	1.9508492
505	135	135	SP9192	With-Microbiome	5	5	1.627966195
506	136	136	LP7760	With-Microbiome	1	5	2.922325396
507	137	137	LP7760	With-Microbiome	2	5	2.423409604
508	138	138	LP7760	With-Microbiome	3	5	2.431023326
509	139	139	LP7760	With-Microbiome	4	5	2.238051058
510	140	140	LP7760	With-Microbiome	5	5	2.645584109
511	141	141	LP0049	With-Microbiome	1	5	1.647934899
512	142	142	LP0049	With-Microbiome	2	5	2.711968218
513	143	143	LP0049	With-Microbiome	3	5	2.021333926
514	144	144	LP0049	With-Microbiome	4	5	1.57591187
515	145	145	LP0049	With-Microbiome	5	5	1.907157171
516	146	146	LT9109	With-Microbiome	1	5	2.895675616
517	147	147	LT9109	With-Microbiome	2	5	1.95883248
518	148	148	LT9109	With-Microbiome	3	5	3.54962857
519	149	149	LT9109	With-Microbiome	4	5	3.696811315
520	150	150	LT9109	With-Microbiome	5	5	2.403085138
521	151	151	LJ9250	With-Microbiome	1	5	2.43923779
522	152	152	LJ9250	With-Microbiome	2	5	2.851737807
523	153	153	LJ9250	With-Microbiome	3	5	2.317801205
524	154	154	LJ9250	With-Microbiome	4	5	2.600479826
525	155	155	LJ9250	With-Microbiome	5	5	1.877337251
526	156	156	LM7123	With-Microbiome	1	5	2.426431059
527	157	157	LM7123	With-Microbiome	2	5	2.947663105
528	158	158	LM7123	With-Microbiome	3	5	2.44760479
529	159	159	LM7123	With-Microbiome	4	5	2.815770316
530	160	160	LM7123	With-Microbiome	5	5	2.696825005
531	161	161	LM8389	With-Microbiome	1	5	2.786297135
532	162	162	LM8389	With-Microbiome	2	5	2.535856151
533	163	163	LM8389	With-Microbiome	3	5	2.670939903
534	164	164	LM8389	With-Microbiome	4	5	1.954946081
535	165	165	LM8389	With-Microbiome	5	5	1.905222017
536	166	166	LY9208	With-Microbiome	1	5	3.711431488
537	167	167	LY9208	With-Microbiome	2	5	1.739301232
538	168	168	LY9208	With-Microbiome	3	5	3.480588636
539	169	169	LY9208	With-Microbiome	4	5	2.038537197
540	170	170	LY9208	With-Microbiome	5	5	1.987999051
541	171	171	LV7605	With-Microbiome	1	5	2.355026105
542	172	172	LV7605	With-Microbiome	2	5	4.480996483
543	173	173	LV7605	With-Microbiome	3	5	2.417054582
544	174	174	LV7605	With-Microbiome	4	5	2.323145006
545	175	175	LV7605	With-Microbiome	5	5	3.458974586
546	176	176	LM7200	With-Microbiome	1	5	2.025122419
547	177	177	LM7200	With-Microbiome	2	5	1.916867444
548	178	178	LM7200	With-Microbiome	3	5	1.983449093
549	179	179	LM7200	With-Microbiome	4	5	1.955433793
550	180	180	LM7200	With-Microbiome	5	5	1.800023719
551	181	181	LA7339	With-Microbiome	1	5	2.992558699
552	182	182	LA7339	With-Microbiome	2	5	3.107350145
553	183	183	LA7339	With-Microbiome	3	5	2.321418906
554	184	184	LA7339	With-Microbiome	4	5	3.678014294
555	185	185	LA7339	With-Microbiome	5	5	3.044006904
556	186	186	LP8539	With-Microbiome	1	5	3.258862151
557	187	187	LP8539	With-Microbiome	2	5	3.280548339
558	188	188	LP8539	With-Microbiome	3	5	3.780045207
559	189	189	LP8539	With-Microbiome	4	5	3.735707081
560	190	190	LP8539	With-Microbiome	5	5	4.019872036
561	191	191	LT9243	With-Microbiome	1	5	1.670676115
562	192	192	LT9243	With-Microbiome	2	5	2.109026496
563	193	193	LT9243	With-Microbiome	3	5	2.369307969
564	194	194	LT9243	With-Microbiome	4	5	1.429461449
565	195	195	LT9243	With-Microbiome	5	5	2.007035235
566	196	196	PS	With-Microbiome	1	5	1.157674829
567	197	197	PS	With-Microbiome	2	5	1.121179782
568	198	198	PS	With-Microbiome	3	5	1.177774509
569	199	199	PS	With-Microbiome	4	5	1.263624942
570	200	200	PS	With-Microbiome	5	5	1.171797849
571	6	6	SP7820	No-Microbiome	1	7	2.113115622
572	7	7	SP7820	No-Microbiome	2	7	2.154495171
573	8	8	SP7820	No-Microbiome	3	7	3.323918103
574	9	9	SP7820	No-Microbiome	4	7	1.73880267
575	10	10	SP7820	No-Microbiome	5	7	1.891835437
576	11	11	SI9227	No-Microbiome	1	7	1.935821379
577	12	12	SI9227	No-Microbiome	2	7	1.872260071
578	13	13	SI9227	No-Microbiome	3	7	1.61709959
579	14	14	SI9227	No-Microbiome	4	7	1.520780822
580	15	15	SI9227	No-Microbiome	5	7	2.261109877
581	16	16	SP9509	No-Microbiome	1	7	1.849671441
582	17	17	SP9509	No-Microbiome	2	7	NA
583	18	18	SP9509	No-Microbiome	3	7	1.715387703
584	19	19	SP9509	No-Microbiome	4	7	2.182642647
585	20	20	SP9509	No-Microbiome	5	7	1.325432913
586	21	21	SP5543	No-Microbiome	1	7	1.482177511
587	22	22	SP5543	No-Microbiome	2	7	1.38933277
588	23	23	SP5543	No-Microbiome	3	7	2.148419839
589	24	24	SP5543	No-Microbiome	4	7	2.261311087
590	25	25	SP5543	No-Microbiome	5	7	1.807786516
591	26	26	SP7498	No-Microbiome	1	7	1.866528164
592	27	27	SP7498	No-Microbiome	2	7	2.182785187
593	28	28	SP7498	No-Microbiome	3	7	1.901520635
594	29	29	SP7498	No-Microbiome	4	7	1.823684238
595	30	30	SP7498	No-Microbiome	5	7	2.039632794
596	31	31	SP9192	No-Microbiome	1	7	2.262180107
597	32	32	SP9192	No-Microbiome	2	7	2.398885175
598	33	33	SP9192	No-Microbiome	3	7	2.306962007
599	34	34	SP9192	No-Microbiome	4	7	1.892673536
600	35	35	SP9192	No-Microbiome	5	7	1.734133008
601	36	36	LP7760	No-Microbiome	1	7	2.773409775
602	37	37	LP7760	No-Microbiome	2	7	1.240579483
603	38	38	LP7760	No-Microbiome	3	7	1.40742946
604	39	39	LP7760	No-Microbiome	4	7	1.144879266
605	40	40	LP7760	No-Microbiome	5	7	1.479229348
606	41	41	LP0049	No-Microbiome	1	7	1.056913403
607	42	42	LP0049	No-Microbiome	2	7	0.983098192
608	43	43	LP0049	No-Microbiome	3	7	1.051965071
609	44	44	LP0049	No-Microbiome	4	7	1.163383892
610	45	45	LP0049	No-Microbiome	5	7	1.096025691
611	46	46	LT9109	No-Microbiome	1	7	1.245894161
612	47	47	LT9109	No-Microbiome	2	7	1.500445
613	48	48	LT9109	No-Microbiome	3	7	1.159780246
614	49	49	LT9109	No-Microbiome	4	7	1.339754753
615	50	50	LT9109	No-Microbiome	5	7	1.350373555
616	51	51	LJ9250	No-Microbiome	1	7	1.784770967
617	52	52	LJ9250	No-Microbiome	2	7	1.696806331
618	53	53	LJ9250	No-Microbiome	3	7	1.120206198
619	54	54	LJ9250	No-Microbiome	4	7	1.549695107
620	55	55	LJ9250	No-Microbiome	5	7	1.617399352
621	56	56	LM7123	No-Microbiome	1	7	1.586433268
622	57	57	LM7123	No-Microbiome	2	7	1.703091953
623	58	58	LM7123	No-Microbiome	3	7	4.705293762
624	59	59	LM7123	No-Microbiome	4	7	3.121814682
625	60	60	LM7123	No-Microbiome	5	7	3.045334868
626	61	61	LM8389	No-Microbiome	1	7	1.559212641
627	62	62	LM8389	No-Microbiome	2	7	1.289020374
628	63	63	LM8389	No-Microbiome	3	7	2.501908498
629	64	64	LM8389	No-Microbiome	4	7	2.684887254
630	65	65	LM8389	No-Microbiome	5	7	3.465754963
631	66	66	LV7605	No-Microbiome	1	7	3.611283429
632	67	67	LV7605	No-Microbiome	2	7	3.516582102
633	68	68	LV7605	No-Microbiome	3	7	4.086632397
634	69	69	LV7605	No-Microbiome	4	7	3.564784032
635	70	70	LV7605	No-Microbiome	5	7	3.579962813
636	71	71	LY9208	No-Microbiome	1	7	2.619317195
637	72	72	LY9208	No-Microbiome	2	7	2.595349449
638	73	73	LY9208	No-Microbiome	3	7	2.9254932
639	74	74	LY9208	No-Microbiome	4	7	4.153361808
640	75	75	LY9208	No-Microbiome	5	7	3.147018819
641	76	76	LM7200	No-Microbiome	1	7	4.602828832
642	77	77	LM7200	No-Microbiome	2	7	2.999700416
643	78	78	LM7200	No-Microbiome	3	7	3.152936389
644	79	79	LM7200	No-Microbiome	4	7	2.340830855
645	80	80	LM7200	No-Microbiome	5	7	6.140314046
646	81	81	LA7339	No-Microbiome	1	7	2.090091494
647	82	82	LA7339	No-Microbiome	2	7	2.664930771
648	83	83	LA7339	No-Microbiome	3	7	1.034712148
649	84	84	LA7339	No-Microbiome	4	7	2.315736778
650	85	85	LA7339	No-Microbiome	5	7	2.192657627
651	86	86	LP8539	No-Microbiome	1	7	3.223225144
652	87	87	LP8539	No-Microbiome	2	7	2.717385799
653	88	88	LP8539	No-Microbiome	3	7	3.206388488
654	89	89	LP8539	No-Microbiome	4	7	3.219554541
655	90	90	LP8539	No-Microbiome	5	7	0.992232876
656	91	91	LT9243	No-Microbiome	1	7	2.370935821
657	92	92	LT9243	No-Microbiome	2	7	2.732308061
658	93	93	LT9243	No-Microbiome	3	7	2.341167821
659	94	94	LT9243	No-Microbiome	4	7	2.236441091
660	95	95	LT9243	No-Microbiome	5	7	3.320235187
661	96	96	PS	No-Microbiome	1	7	1.175966014
662	97	97	PS	No-Microbiome	2	7	1.037910116
663	98	98	PS	No-Microbiome	3	7	0.952466934
664	99	99	PS	No-Microbiome	4	7	1.039457281
665	100	100	PS	No-Microbiome	5	7	1.034352105
666	106	106	SP7820	With-Microbiome	1	7	2.028277366
667	107	107	SP7820	With-Microbiome	2	7	2.153097652
668	108	108	SP7820	With-Microbiome	3	7	1.967418847
669	109	109	SP7820	With-Microbiome	4	7	1.782163471
670	110	110	SP7820	With-Microbiome	5	7	NA
671	111	111	SI9227	With-Microbiome	1	7	1.892348992
672	112	112	SI9227	With-Microbiome	2	7	2.635906066
673	113	113	SI9227	With-Microbiome	3	7	2.961960208
674	114	114	SI9227	With-Microbiome	4	7	1.920390653
675	115	115	SI9227	With-Microbiome	5	7	3.350656701
676	116	116	SP9509	With-Microbiome	1	7	2.721592995
677	117	117	SP9509	With-Microbiome	2	7	1.889333828
678	118	118	SP9509	With-Microbiome	3	7	2.0468873
679	119	119	SP9509	With-Microbiome	4	7	3.721584955
680	120	120	SP9509	With-Microbiome	5	7	2.286173703
681	121	121	SP5543	With-Microbiome	1	7	2.175784038
682	122	122	SP5543	With-Microbiome	2	7	2.181829247
683	123	123	SP5543	With-Microbiome	3	7	2.878398022
684	124	124	SP5543	With-Microbiome	4	7	2.399907833
685	125	125	SP5543	With-Microbiome	5	7	3.178785586
686	126	126	SP7498	With-Microbiome	1	7	2.391709111
687	127	127	SP7498	With-Microbiome	2	7	NA
688	128	128	SP7498	With-Microbiome	3	7	2.356979254
689	129	129	SP7498	With-Microbiome	4	7	NA
690	130	130	SP7498	With-Microbiome	5	7	2.293941321
691	131	131	SP9192	With-Microbiome	1	7	1.747622768
692	132	132	SP9192	With-Microbiome	2	7	2.558296819
693	133	133	SP9192	With-Microbiome	3	7	2.453496856
694	134	134	SP9192	With-Microbiome	4	7	2.483830343
695	135	135	SP9192	With-Microbiome	5	7	2.166966574
696	136	136	LP7760	With-Microbiome	1	7	3.245642883
697	137	137	LP7760	With-Microbiome	2	7	NA
698	138	138	LP7760	With-Microbiome	3	7	3.503556699
699	139	139	LP7760	With-Microbiome	4	7	2.929719172
700	140	140	LP7760	With-Microbiome	5	7	3.882112325
701	141	141	LP0049	With-Microbiome	1	7	2.152814392
702	142	142	LP0049	With-Microbiome	2	7	2.782000521
703	143	143	LP0049	With-Microbiome	3	7	2.602974025
704	144	144	LP0049	With-Microbiome	4	7	2.236563138
705	145	145	LP0049	With-Microbiome	5	7	2.082710939
706	146	146	LT9109	With-Microbiome	1	7	NA
707	147	147	LT9109	With-Microbiome	2	7	3.012623643
708	148	148	LT9109	With-Microbiome	3	7	5.550863464
709	149	149	LT9109	With-Microbiome	4	7	NA
710	150	150	LT9109	With-Microbiome	5	7	NA
711	151	151	LJ9250	With-Microbiome	1	7	4.115385258
712	152	152	LJ9250	With-Microbiome	2	7	4.473053643
713	153	153	LJ9250	With-Microbiome	3	7	3.016288238
714	154	154	LJ9250	With-Microbiome	4	7	NA
715	155	155	LJ9250	With-Microbiome	5	7	2.182093109
716	156	156	LM7123	With-Microbiome	1	7	2.761555459
717	157	157	LM7123	With-Microbiome	2	7	3.283496442
718	158	158	LM7123	With-Microbiome	3	7	3.32330862
719	159	159	LM7123	With-Microbiome	4	7	NA
720	160	160	LM7123	With-Microbiome	5	7	2.72480661
721	161	161	LM8389	With-Microbiome	1	7	3.725539964
722	162	162	LM8389	With-Microbiome	2	7	2.785756222
723	163	163	LM8389	With-Microbiome	3	7	3.571168037
724	164	164	LM8389	With-Microbiome	4	7	2.269472638
725	165	165	LM8389	With-Microbiome	5	7	3.952961214
726	166	166	LY9208	With-Microbiome	1	7	4.252781181
727	167	167	LY9208	With-Microbiome	2	7	2.291869401
728	168	168	LY9208	With-Microbiome	3	7	3.562547209
729	169	169	LY9208	With-Microbiome	4	7	3.657678884
730	170	170	LY9208	With-Microbiome	5	7	1.916454304
731	171	171	LV7605	With-Microbiome	1	7	2.416893298
732	172	172	LV7605	With-Microbiome	2	7	6.404984106
733	173	173	LV7605	With-Microbiome	3	7	NA
734	174	174	LV7605	With-Microbiome	4	7	2.803744304
735	175	175	LV7605	With-Microbiome	5	7	NA
736	176	176	LM7200	With-Microbiome	1	7	NA
737	177	177	LM7200	With-Microbiome	2	7	NA
738	178	178	LM7200	With-Microbiome	3	7	2.439046687
739	179	179	LM7200	With-Microbiome	4	7	2.118925118
740	180	180	LM7200	With-Microbiome	5	7	NA
741	181	181	LA7339	With-Microbiome	1	7	4.040911205
742	182	182	LA7339	With-Microbiome	2	7	NA
743	183	183	LA7339	With-Microbiome	3	7	3.615108756
744	184	184	LA7339	With-Microbiome	4	7	NA
745	185	185	LA7339	With-Microbiome	5	7	4.070383117
746	186	186	LP8539	With-Microbiome	1	7	NA
747	187	187	LP8539	With-Microbiome	2	7	4.753426603
748	188	188	LP8539	With-Microbiome	3	7	NA
749	189	189	LP8539	With-Microbiome	4	7	NA
750	190	190	LP8539	With-Microbiome	5	7	7.255013507
751	191	191	LT9243	With-Microbiome	1	7	2.355027979
752	192	192	LT9243	With-Microbiome	2	7	NA
753	193	193	LT9243	With-Microbiome	3	7	3.07198405
754	194	194	LT9243	With-Microbiome	4	7	NA
755	195	195	LT9243	With-Microbiome	5	7	2.462764055
756	196	196	PS	With-Microbiome	1	7	1.214674099
757	197	197	PS	With-Microbiome	2	7	1.176478533
758	198	198	PS	With-Microbiome	3	7	1.168139778
759	199	199	PS	With-Microbiome	4	7	1.23928739
760	200	200	PS	With-Microbiome	5	7	1.350848082
761	6	6	SP7820	No-Microbiome	1	12	2.656834818
762	7	7	SP7820	No-Microbiome	2	12	2.674334517
763	8	8	SP7820	No-Microbiome	3	12	3.938827544
764	9	9	SP7820	No-Microbiome	4	12	2.281040426
765	10	10	SP7820	No-Microbiome	5	12	2.486558654
766	11	11	SI9227	No-Microbiome	1	12	2.259334493
767	12	12	SI9227	No-Microbiome	2	12	1.914069658
768	13	13	SI9227	No-Microbiome	3	12	2.100776557
769	14	14	SI9227	No-Microbiome	4	12	2.430905988
770	15	15	SI9227	No-Microbiome	5	12	2.154739667
771	16	16	SP9509	No-Microbiome	1	12	2.36769037
772	17	17	SP9509	No-Microbiome	2	12	1.860981975
773	18	18	SP9509	No-Microbiome	3	12	1.818628093
774	19	19	SP9509	No-Microbiome	4	12	2.094470202
775	20	20	SP9509	No-Microbiome	5	12	2.246844179
776	21	21	SP5543	No-Microbiome	1	12	2.213103723
777	22	22	SP5543	No-Microbiome	2	12	2.184149978
778	23	23	SP5543	No-Microbiome	3	12	2.173329054
779	24	24	SP5543	No-Microbiome	4	12	2.523686848
780	25	25	SP5543	No-Microbiome	5	12	2.272530154
781	26	26	SP7498	No-Microbiome	1	12	1.79789924
782	27	27	SP7498	No-Microbiome	2	12	2.839602634
783	28	28	SP7498	No-Microbiome	3	12	3.492696768
784	29	29	SP7498	No-Microbiome	4	12	2.280267466
785	30	30	SP7498	No-Microbiome	5	12	1.914129161
786	31	31	SP9192	No-Microbiome	1	12	3.055030083
787	32	32	SP9192	No-Microbiome	2	12	3.77966215
788	33	33	SP9192	No-Microbiome	3	12	3.533481043
789	34	34	SP9192	No-Microbiome	4	12	3.258754296
790	35	35	SP9192	No-Microbiome	5	12	2.189806512
791	36	36	LP7760	No-Microbiome	1	12	NA
792	37	37	LP7760	No-Microbiome	2	12	2.768576841
793	38	38	LP7760	No-Microbiome	3	12	2.073334234
794	39	39	LP7760	No-Microbiome	4	12	1.940308799
795	40	40	LP7760	No-Microbiome	5	12	3.153275961
796	41	41	LP0049	No-Microbiome	1	12	1.532340505
797	42	42	LP0049	No-Microbiome	2	12	1.419705325
798	43	43	LP0049	No-Microbiome	3	12	1.446974454
799	44	44	LP0049	No-Microbiome	4	12	1.660097818
800	45	45	LP0049	No-Microbiome	5	12	1.605630626
801	46	46	LT9109	No-Microbiome	1	12	2.882478254
802	47	47	LT9109	No-Microbiome	2	12	2.875208319
803	48	48	LT9109	No-Microbiome	3	12	1.995116098
804	49	49	LT9109	No-Microbiome	4	12	2.443046188
805	50	50	LT9109	No-Microbiome	5	12	2.108203448
806	51	51	LJ9250	No-Microbiome	1	12	3.098714883
807	52	52	LJ9250	No-Microbiome	2	12	2.920999712
808	53	53	LJ9250	No-Microbiome	3	12	2.188574872
809	54	54	LJ9250	No-Microbiome	4	12	3.419175748
810	55	55	LJ9250	No-Microbiome	5	12	2.183483681
811	56	56	LM7123	No-Microbiome	1	12	3.390922845
812	57	57	LM7123	No-Microbiome	2	12	3.751726053
813	58	58	LM7123	No-Microbiome	3	12	7.273759247
814	59	59	LM7123	No-Microbiome	4	12	4.732139099
815	60	60	LM7123	No-Microbiome	5	12	5.726472009
816	61	61	LM8389	No-Microbiome	1	12	3.285785793
817	62	62	LM8389	No-Microbiome	2	12	2.320174035
818	63	63	LM8389	No-Microbiome	3	12	3.558636678
819	64	64	LM8389	No-Microbiome	4	12	2.738852152
820	65	65	LM8389	No-Microbiome	5	12	4.708719715
821	66	66	LV7605	No-Microbiome	1	12	4.424824478
822	67	67	LV7605	No-Microbiome	2	12	4.231142117
823	68	68	LV7605	No-Microbiome	3	12	5.2409298
824	69	69	LV7605	No-Microbiome	4	12	5.574524411
825	70	70	LV7605	No-Microbiome	5	12	4.464813629
826	71	71	LY9208	No-Microbiome	1	12	2.898637248
827	72	72	LY9208	No-Microbiome	2	12	3.608727222
828	73	73	LY9208	No-Microbiome	3	12	3.149662655
829	74	74	LY9208	No-Microbiome	4	12	5.444607996
830	75	75	LY9208	No-Microbiome	5	12	3.92319812
831	76	76	LM7200	No-Microbiome	1	12	3.615423307
832	77	77	LM7200	No-Microbiome	2	12	4.291255681
833	78	78	LM7200	No-Microbiome	3	12	5.500434909
834	79	79	LM7200	No-Microbiome	4	12	3.749281082
835	80	80	LM7200	No-Microbiome	5	12	8.583315861
836	81	81	LA7339	No-Microbiome	1	12	3.944390821
837	82	82	LA7339	No-Microbiome	2	12	4.985770116
838	83	83	LA7339	No-Microbiome	3	12	2.317643933
839	84	84	LA7339	No-Microbiome	4	12	3.653790985
840	85	85	LA7339	No-Microbiome	5	12	3.60962016
841	86	86	LP8539	No-Microbiome	1	12	4.452541951
842	87	87	LP8539	No-Microbiome	2	12	3.968407275
843	88	88	LP8539	No-Microbiome	3	12	NA
844	89	89	LP8539	No-Microbiome	4	12	3.605185375
845	90	90	LP8539	No-Microbiome	5	12	1.609698074
846	91	91	LT9243	No-Microbiome	1	12	3.621515436
847	92	92	LT9243	No-Microbiome	2	12	3.62421162
848	93	93	LT9243	No-Microbiome	3	12	2.868631767
849	94	94	LT9243	No-Microbiome	4	12	1.207826607
850	95	95	LT9243	No-Microbiome	5	12	3.322361338
851	96	96	PS	No-Microbiome	1	12	1.330823301
852	97	97	PS	No-Microbiome	2	12	0.979638744
853	98	98	PS	No-Microbiome	3	12	1.026809285
854	99	99	PS	No-Microbiome	4	12	1.1825739
855	100	100	PS	No-Microbiome	5	12	1.018891711
856	106	106	SP7820	With-Microbiome	1	12	2.008739874
857	107	107	SP7820	With-Microbiome	2	12	2.408049055
858	108	108	SP7820	With-Microbiome	3	12	1.53022323
859	109	109	SP7820	With-Microbiome	4	12	2.798614977
860	110	110	SP7820	With-Microbiome	5	12	NA
861	111	111	SI9227	With-Microbiome	1	12	2.648708782
862	112	112	SI9227	With-Microbiome	2	12	2.627923387
863	113	113	SI9227	With-Microbiome	3	12	1.98096826
864	114	114	SI9227	With-Microbiome	4	12	2.019611019
865	115	115	SI9227	With-Microbiome	5	12	3.587368701
866	116	116	SP9509	With-Microbiome	1	12	2.645007694
867	117	117	SP9509	With-Microbiome	2	12	2.184720371
868	118	118	SP9509	With-Microbiome	3	12	2.027326108
869	119	119	SP9509	With-Microbiome	4	12	3.191316039
870	120	120	SP9509	With-Microbiome	5	12	1.915054993
871	121	121	SP5543	With-Microbiome	1	12	NA
872	122	122	SP5543	With-Microbiome	2	12	2.07688771
873	123	123	SP5543	With-Microbiome	3	12	3.399637026
874	124	124	SP5543	With-Microbiome	4	12	2.196367818
875	125	125	SP5543	With-Microbiome	5	12	2.790555675
876	126	126	SP7498	With-Microbiome	1	12	2.143382525
877	127	127	SP7498	With-Microbiome	2	12	NA
878	128	128	SP7498	With-Microbiome	3	12	1.685234124
879	129	129	SP7498	With-Microbiome	4	12	NA
880	130	130	SP7498	With-Microbiome	5	12	1.951717088
881	131	131	SP9192	With-Microbiome	1	12	1.89473285
882	132	132	SP9192	With-Microbiome	2	12	2.324177148
883	133	133	SP9192	With-Microbiome	3	12	2.726565884
884	134	134	SP9192	With-Microbiome	4	12	2.127565008
885	135	135	SP9192	With-Microbiome	5	12	1.964616462
886	136	136	LP7760	With-Microbiome	1	12	3.47176857
887	137	137	LP7760	With-Microbiome	2	12	NA
888	138	138	LP7760	With-Microbiome	3	12	3.132800342
889	139	139	LP7760	With-Microbiome	4	12	2.152591282
890	140	140	LP7760	With-Microbiome	5	12	2.897733246
891	141	141	LP0049	With-Microbiome	1	12	2.266286949
892	142	142	LP0049	With-Microbiome	2	12	3.426770501
893	143	143	LP0049	With-Microbiome	3	12	2.790795842
894	144	144	LP0049	With-Microbiome	4	12	1.679324773
895	145	145	LP0049	With-Microbiome	5	12	2.027096577
896	146	146	LT9109	With-Microbiome	1	12	NA
897	147	147	LT9109	With-Microbiome	2	12	NA
898	148	148	LT9109	With-Microbiome	3	12	4.694799753
899	149	149	LT9109	With-Microbiome	4	12	NA
900	150	150	LT9109	With-Microbiome	5	12	NA
901	151	151	LJ9250	With-Microbiome	1	12	3.32762782
902	152	152	LJ9250	With-Microbiome	2	12	4.016819748
903	153	153	LJ9250	With-Microbiome	3	12	2.827178381
904	154	154	LJ9250	With-Microbiome	4	12	5.114910089
905	155	155	LJ9250	With-Microbiome	5	12	3.10829036
906	156	156	LM7123	With-Microbiome	1	12	3.246252493
907	157	157	LM7123	With-Microbiome	2	12	3.496315272
908	158	158	LM7123	With-Microbiome	3	12	2.438938949
909	159	159	LM7123	With-Microbiome	4	12	NA
910	160	160	LM7123	With-Microbiome	5	12	3.124702866
911	161	161	LM8389	With-Microbiome	1	12	2.479349381
912	162	162	LM8389	With-Microbiome	2	12	2.546885209
913	163	163	LM8389	With-Microbiome	3	12	3.182356278
914	164	164	LM8389	With-Microbiome	4	12	2.58084254
915	165	165	LM8389	With-Microbiome	5	12	2.750327081
916	166	166	LY9208	With-Microbiome	1	12	4.149034667
917	167	167	LY9208	With-Microbiome	2	12	3.530098136
918	168	168	LY9208	With-Microbiome	3	12	3.342691052
919	169	169	LY9208	With-Microbiome	4	12	3.118052018
920	170	170	LY9208	With-Microbiome	5	12	4.45372803
921	171	171	LV7605	With-Microbiome	1	12	4.237902737
922	172	172	LV7605	With-Microbiome	2	12	5.359564418
923	173	173	LV7605	With-Microbiome	3	12	NA
924	174	174	LV7605	With-Microbiome	4	12	2.361150414
925	175	175	LV7605	With-Microbiome	5	12	NA
926	176	176	LM7200	With-Microbiome	1	12	NA
927	177	177	LM7200	With-Microbiome	2	12	NA
928	178	178	LM7200	With-Microbiome	3	12	2.478759795
929	179	179	LM7200	With-Microbiome	4	12	2.665342482
930	180	180	LM7200	With-Microbiome	5	12	NA
931	181	181	LA7339	With-Microbiome	1	12	4.791145433
932	182	182	LA7339	With-Microbiome	2	12	NA
933	183	183	LA7339	With-Microbiome	3	12	3.907852475
934	184	184	LA7339	With-Microbiome	4	12	4.562866295
935	185	185	LA7339	With-Microbiome	5	12	6.689355414
936	186	186	LP8539	With-Microbiome	1	12	NA
937	187	187	LP8539	With-Microbiome	2	12	5.81771486
938	188	188	LP8539	With-Microbiome	3	12	NA
939	189	189	LP8539	With-Microbiome	4	12	NA
940	190	190	LP8539	With-Microbiome	5	12	NA
941	191	191	LT9243	With-Microbiome	1	12	2.628511693
942	192	192	LT9243	With-Microbiome	2	12	NA
943	193	193	LT9243	With-Microbiome	3	12	3.072108677
944	194	194	LT9243	With-Microbiome	4	12	NA
945	195	195	LT9243	With-Microbiome	5	12	2.692224978
946	196	196	PS	With-Microbiome	1	12	1.53415128
947	197	197	PS	With-Microbiome	2	12	1.432996437
948	198	198	PS	With-Microbiome	3	12	1.391926448
949	199	199	PS	With-Microbiome	4	12	1.381312391
950	200	200	PS	With-Microbiome	5	12	1.443116035
951	6	6	SP7820	No-Microbiome	1	14	2.653579227
952	7	7	SP7820	No-Microbiome	2	14	2.72463087
953	8	8	SP7820	No-Microbiome	3	14	3.907140172
954	9	9	SP7820	No-Microbiome	4	14	2.336811433
955	10	10	SP7820	No-Microbiome	5	14	2.946861435
956	11	11	SI9227	No-Microbiome	1	14	2.751565496
957	12	12	SI9227	No-Microbiome	2	14	2.230560073
958	13	13	SI9227	No-Microbiome	3	14	2.081484298
959	14	14	SI9227	No-Microbiome	4	14	2.397066834
960	15	15	SI9227	No-Microbiome	5	14	2.362087034
961	16	16	SP9509	No-Microbiome	1	14	2.248154651
962	17	17	SP9509	No-Microbiome	2	14	2.003689215
963	18	18	SP9509	No-Microbiome	3	14	2.315546051
964	19	19	SP9509	No-Microbiome	4	14	2.212515644
965	20	20	SP9509	No-Microbiome	5	14	2.134175234
966	21	21	SP5543	No-Microbiome	1	14	2.025989685
967	22	22	SP5543	No-Microbiome	2	14	2.37814256
968	23	23	SP5543	No-Microbiome	3	14	2.362479061
969	24	24	SP5543	No-Microbiome	4	14	2.325527226
970	25	25	SP5543	No-Microbiome	5	14	2.732290032
971	26	26	SP7498	No-Microbiome	1	14	2.04325765
972	27	27	SP7498	No-Microbiome	2	14	3.238840298
973	28	28	SP7498	No-Microbiome	3	14	3.346246952
974	29	29	SP7498	No-Microbiome	4	14	3.198954977
975	30	30	SP7498	No-Microbiome	5	14	2.512336642
976	31	31	SP9192	No-Microbiome	1	14	3.732720681
977	32	32	SP9192	No-Microbiome	2	14	3.260059753
978	33	33	SP9192	No-Microbiome	3	14	3.772613408
979	34	34	SP9192	No-Microbiome	4	14	2.737377695
980	35	35	SP9192	No-Microbiome	5	14	2.599283702
981	36	36	LP7760	No-Microbiome	1	14	5.370127222
982	37	37	LP7760	No-Microbiome	2	14	3.902811139
983	38	38	LP7760	No-Microbiome	3	14	2.548853267
984	39	39	LP7760	No-Microbiome	4	14	2.345599889
985	40	40	LP7760	No-Microbiome	5	14	2.718328191
986	41	41	LP0049	No-Microbiome	1	14	1.957264509
987	42	42	LP0049	No-Microbiome	2	14	1.456262381
988	43	43	LP0049	No-Microbiome	3	14	2.121733712
989	44	44	LP0049	No-Microbiome	4	14	1.829974425
990	45	45	LP0049	No-Microbiome	5	14	1.767890802
991	46	46	LT9109	No-Microbiome	1	14	2.697104405
992	47	47	LT9109	No-Microbiome	2	14	4.128187527
993	48	48	LT9109	No-Microbiome	3	14	2.702392481
994	49	49	LT9109	No-Microbiome	4	14	3.135587548
995	50	50	LT9109	No-Microbiome	5	14	2.382880264
996	51	51	LJ9250	No-Microbiome	1	14	3.84865475
997	52	52	LJ9250	No-Microbiome	2	14	3.218266942
998	53	53	LJ9250	No-Microbiome	3	14	3.295590998
999	54	54	LJ9250	No-Microbiome	4	14	4.148408565
1000	55	55	LJ9250	No-Microbiome	5	14	2.532985662
1001	56	56	LM7123	No-Microbiome	1	14	3.324336619
1002	57	57	LM7123	No-Microbiome	2	14	3.966816437
1003	58	58	LM7123	No-Microbiome	3	14	7.848150462
1004	59	59	LM7123	No-Microbiome	4	14	5.654024521
1005	60	60	LM7123	No-Microbiome	5	14	5.687997114
1006	61	61	LM8389	No-Microbiome	1	14	3.543263502
1007	62	62	LM8389	No-Microbiome	2	14	2.61884485
1008	63	63	LM8389	No-Microbiome	3	14	3.994727455
1009	64	64	LM8389	No-Microbiome	4	14	3.246599926
1010	65	65	LM8389	No-Microbiome	5	14	5.459416493
1011	66	66	LV7605	No-Microbiome	1	14	4.411049585
1012	67	67	LV7605	No-Microbiome	2	14	4.887819811
1013	68	68	LV7605	No-Microbiome	3	14	5.185871976
1014	69	69	LV7605	No-Microbiome	4	14	5.560636886
1015	70	70	LV7605	No-Microbiome	5	14	4.869942901
1016	71	71	LY9208	No-Microbiome	1	14	3.485543368
1017	72	72	LY9208	No-Microbiome	2	14	3.622670162
1018	73	73	LY9208	No-Microbiome	3	14	5.38012146
1019	74	74	LY9208	No-Microbiome	4	14	6.713199338
1020	75	75	LY9208	No-Microbiome	5	14	4.539126476
1021	76	76	LM7200	No-Microbiome	1	14	5.319922334
1022	77	77	LM7200	No-Microbiome	2	14	4.111577552
1023	78	78	LM7200	No-Microbiome	3	14	9.282250756
1024	79	79	LM7200	No-Microbiome	4	14	2.735753638
1025	80	80	LM7200	No-Microbiome	5	14	10.24585786
1026	81	81	LA7339	No-Microbiome	1	14	4.213510101
1027	82	82	LA7339	No-Microbiome	2	14	4.449061505
1028	83	83	LA7339	No-Microbiome	3	14	3.961186204
1029	84	84	LA7339	No-Microbiome	4	14	4.54770771
1030	85	85	LA7339	No-Microbiome	5	14	5.411655849
1031	86	86	LP8539	No-Microbiome	1	14	7.017775418
1032	87	87	LP8539	No-Microbiome	2	14	3.630804654
1033	88	88	LP8539	No-Microbiome	3	14	5.877113736
1034	89	89	LP8539	No-Microbiome	4	14	4.578052804
1035	90	90	LP8539	No-Microbiome	5	14	1.693762612
1036	91	91	LT9243	No-Microbiome	1	14	5.18158705
1037	92	92	LT9243	No-Microbiome	2	14	3.519288774
1038	93	93	LT9243	No-Microbiome	3	14	5.487316792
1039	94	94	LT9243	No-Microbiome	4	14	1.264394182
1040	95	95	LT9243	No-Microbiome	5	14	3.140285545
1041	96	96	PS	No-Microbiome	1	14	1.462415644
1042	97	97	PS	No-Microbiome	2	14	1.056977102
1043	98	98	PS	No-Microbiome	3	14	0.95903184
1044	99	99	PS	No-Microbiome	4	14	1.138701043
1045	100	100	PS	No-Microbiome	5	14	1.02757829
1046	106	106	SP7820	With-Microbiome	1	14	2.031581573
1047	107	107	SP7820	With-Microbiome	2	14	2.260246583
1048	108	108	SP7820	With-Microbiome	3	14	1.941614103
1049	109	109	SP7820	With-Microbiome	4	14	2.598773874
1050	110	110	SP7820	With-Microbiome	5	14	2.2953423
1051	111	111	SI9227	With-Microbiome	1	14	2.645114337
1052	112	112	SI9227	With-Microbiome	2	14	NA
1053	113	113	SI9227	With-Microbiome	3	14	2.243144602
1054	114	114	SI9227	With-Microbiome	4	14	1.664779181
1055	115	115	SI9227	With-Microbiome	5	14	4.472125581
1056	116	116	SP9509	With-Microbiome	1	14	NA
1057	117	117	SP9509	With-Microbiome	2	14	2.23954169
1058	118	118	SP9509	With-Microbiome	3	14	2.112861489
1059	119	119	SP9509	With-Microbiome	4	14	3.560790668
1060	120	120	SP9509	With-Microbiome	5	14	2.534844522
1061	121	121	SP5543	With-Microbiome	1	14	2.247432026
1062	122	122	SP5543	With-Microbiome	2	14	3.301218469
1063	123	123	SP5543	With-Microbiome	3	14	4.087860768
1064	124	124	SP5543	With-Microbiome	4	14	2.717287389
1065	125	125	SP5543	With-Microbiome	5	14	2.94056183
1066	126	126	SP7498	With-Microbiome	1	14	1.678177
1067	127	127	SP7498	With-Microbiome	2	14	3.650017961
1068	128	128	SP7498	With-Microbiome	3	14	2.326192698
1069	129	129	SP7498	With-Microbiome	4	14	3.077585337
1070	130	130	SP7498	With-Microbiome	5	14	3.186723729
1071	131	131	SP9192	With-Microbiome	1	14	1.92389219
1072	132	132	SP9192	With-Microbiome	2	14	2.090183841
1073	133	133	SP9192	With-Microbiome	3	14	2.379387381
1074	134	134	SP9192	With-Microbiome	4	14	2.112500287
1075	135	135	SP9192	With-Microbiome	5	14	2.124604822
1076	136	136	LP7760	With-Microbiome	1	14	4.294979895
1077	137	137	LP7760	With-Microbiome	2	14	5.038882127
1078	138	138	LP7760	With-Microbiome	3	14	3.643788186
1079	139	139	LP7760	With-Microbiome	4	14	3.961792305
1080	140	140	LP7760	With-Microbiome	5	14	5.099867647
1081	141	141	LP0049	With-Microbiome	1	14	2.388947104
1082	142	142	LP0049	With-Microbiome	2	14	3.907540784
1083	143	143	LP0049	With-Microbiome	3	14	NA
1084	144	144	LP0049	With-Microbiome	4	14	NA
1085	145	145	LP0049	With-Microbiome	5	14	1.960734573
1086	146	146	LT9109	With-Microbiome	1	14	4.962526291
1087	147	147	LT9109	With-Microbiome	2	14	NA
1088	148	148	LT9109	With-Microbiome	3	14	8.436791348
1089	149	149	LT9109	With-Microbiome	4	14	4.216562766
1090	150	150	LT9109	With-Microbiome	5	14	5.035971485
1091	151	151	LJ9250	With-Microbiome	1	14	NA
1092	152	152	LJ9250	With-Microbiome	2	14	5.125477453
1093	153	153	LJ9250	With-Microbiome	3	14	3.782755981
1094	154	154	LJ9250	With-Microbiome	4	14	3.9302266
1095	155	155	LJ9250	With-Microbiome	5	14	2.893695236
1096	156	156	LM7123	With-Microbiome	1	14	3.371158211
1097	157	157	LM7123	With-Microbiome	2	14	3.931281636
1098	158	158	LM7123	With-Microbiome	3	14	4.619058125
1099	159	159	LM7123	With-Microbiome	4	14	NA
1100	160	160	LM7123	With-Microbiome	5	14	5.012889562
1101	161	161	LM8389	With-Microbiome	1	14	2.983682463
1102	162	162	LM8389	With-Microbiome	2	14	2.61639891
1103	163	163	LM8389	With-Microbiome	3	14	4.09431764
1104	164	164	LM8389	With-Microbiome	4	14	3.733217078
1105	165	165	LM8389	With-Microbiome	5	14	4.159174849
1106	166	166	LY9208	With-Microbiome	1	14	5.037455522
1107	167	167	LY9208	With-Microbiome	2	14	NA
1108	168	168	LY9208	With-Microbiome	3	14	NA
1109	169	169	LY9208	With-Microbiome	4	14	3.027454233
1110	170	170	LY9208	With-Microbiome	5	14	4.335139237
1111	171	171	LV7605	With-Microbiome	1	14	NA
1112	172	172	LV7605	With-Microbiome	2	14	NA
1113	173	173	LV7605	With-Microbiome	3	14	NA
1114	174	174	LV7605	With-Microbiome	4	14	4.090654398
1115	175	175	LV7605	With-Microbiome	5	14	NA
1116	176	176	LM7200	With-Microbiome	1	14	NA
1117	177	177	LM7200	With-Microbiome	2	14	NA
1118	178	178	LM7200	With-Microbiome	3	14	NA
1119	179	179	LM7200	With-Microbiome	4	14	NA
1120	180	180	LM7200	With-Microbiome	5	14	NA
1121	181	181	LA7339	With-Microbiome	1	14	5.082653379
1122	182	182	LA7339	With-Microbiome	2	14	8.60174034
1123	183	183	LA7339	With-Microbiome	3	14	NA
1124	184	184	LA7339	With-Microbiome	4	14	7.332037669
1125	185	185	LA7339	With-Microbiome	5	14	5.824662415
1126	186	186	LP8539	With-Microbiome	1	14	NA
1127	187	187	LP8539	With-Microbiome	2	14	NA
1128	188	188	LP8539	With-Microbiome	3	14	NA
1129	189	189	LP8539	With-Microbiome	4	14	4.237647284
1130	190	190	LP8539	With-Microbiome	5	14	NA
1131	191	191	LT9243	With-Microbiome	1	14	NA
1132	192	192	LT9243	With-Microbiome	2	14	NA
1133	193	193	LT9243	With-Microbiome	3	14	3.038303704
1134	194	194	LT9243	With-Microbiome	4	14	NA
1135	195	195	LT9243	With-Microbiome	5	14	2.76640401
1136	196	196	PS	With-Microbiome	1	14	1.577853827
1137	197	197	PS	With-Microbiome	2	14	1.609882779
1138	198	198	PS	With-Microbiome	3	14	1.321925168
1139	199	199	PS	With-Microbiome	4	14	1.342842859
1140	200	200	PS	With-Microbiome	5	14	1.579016649
1141	6	6	SP7820	No-Microbiome	1	17	3.010660431
1142	7	7	SP7820	No-Microbiome	2	17	2.837201217
1143	8	8	SP7820	No-Microbiome	3	17	4.399646238
1144	9	9	SP7820	No-Microbiome	4	17	2.435195397
1145	10	10	SP7820	No-Microbiome	5	17	3.429169063
1146	11	11	SI9227	No-Microbiome	1	17	3.002754346
1147	12	12	SI9227	No-Microbiome	2	17	2.246962357
1148	13	13	SI9227	No-Microbiome	3	17	2.575732235
1149	14	14	SI9227	No-Microbiome	4	17	2.482845388
1150	15	15	SI9227	No-Microbiome	5	17	2.95338173
1151	16	16	SP9509	No-Microbiome	1	17	2.741905218
1152	17	17	SP9509	No-Microbiome	2	17	2.288504527
1153	18	18	SP9509	No-Microbiome	3	17	1.866452387
1154	19	19	SP9509	No-Microbiome	4	17	2.615248445
1155	20	20	SP9509	No-Microbiome	5	17	2.38380626
1156	21	21	SP5543	No-Microbiome	1	17	2.347574357
1157	22	22	SP5543	No-Microbiome	2	17	2.379980845
1158	23	23	SP5543	No-Microbiome	3	17	2.176425311
1159	24	24	SP5543	No-Microbiome	4	17	2.879986265
1160	25	25	SP5543	No-Microbiome	5	17	2.565221543
1161	26	26	SP7498	No-Microbiome	1	17	2.619683655
1162	27	27	SP7498	No-Microbiome	2	17	3.578577252
1163	28	28	SP7498	No-Microbiome	3	17	3.591045589
1164	29	29	SP7498	No-Microbiome	4	17	2.494094272
1165	30	30	SP7498	No-Microbiome	5	17	2.607901128
1166	31	31	SP9192	No-Microbiome	1	17	3.549018741
1167	32	32	SP9192	No-Microbiome	2	17	4.505298328
1168	33	33	SP9192	No-Microbiome	3	17	4.206978947
1169	34	34	SP9192	No-Microbiome	4	17	3.17579228
1170	35	35	SP9192	No-Microbiome	5	17	2.746135929
1171	36	36	LP7760	No-Microbiome	1	17	5.458473387
1172	37	37	LP7760	No-Microbiome	2	17	3.116142639
1173	38	38	LP7760	No-Microbiome	3	17	2.889058041
1174	39	39	LP7760	No-Microbiome	4	17	2.331160749
1175	40	40	LP7760	No-Microbiome	5	17	2.638531955
1176	41	41	LP0049	No-Microbiome	1	17	1.56610805
1177	42	42	LP0049	No-Microbiome	2	17	1.543668911
1178	43	43	LP0049	No-Microbiome	3	17	2.148955019
1179	44	44	LP0049	No-Microbiome	4	17	3.046531141
1180	45	45	LP0049	No-Microbiome	5	17	2.176291272
1181	46	46	LT9109	No-Microbiome	1	17	2.955743731
1182	47	47	LT9109	No-Microbiome	2	17	6.280786139
1183	48	48	LT9109	No-Microbiome	3	17	2.502694937
1184	49	49	LT9109	No-Microbiome	4	17	3.871066588
1185	50	50	LT9109	No-Microbiome	5	17	2.891716348
1186	51	51	LJ9250	No-Microbiome	1	17	4.311384413
1187	52	52	LJ9250	No-Microbiome	2	17	3.669007773
1188	53	53	LJ9250	No-Microbiome	3	17	2.534420725
1189	54	54	LJ9250	No-Microbiome	4	17	3.871403806
1190	55	55	LJ9250	No-Microbiome	5	17	2.103893043
1191	56	56	LM7123	No-Microbiome	1	17	4.240247451
1192	57	57	LM7123	No-Microbiome	2	17	5.546721945
1193	58	58	LM7123	No-Microbiome	3	17	11.68026555
1194	59	59	LM7123	No-Microbiome	4	17	7.574142623
1195	60	60	LM7123	No-Microbiome	5	17	8.789402103
1196	61	61	LM8389	No-Microbiome	1	17	6.112907865
1197	62	62	LM8389	No-Microbiome	2	17	3.759435829
1198	63	63	LM8389	No-Microbiome	3	17	4.161735779
1199	64	64	LM8389	No-Microbiome	4	17	3.596978892
1200	65	65	LM8389	No-Microbiome	5	17	4.615979212
1201	66	66	LV7605	No-Microbiome	1	17	5.953940362
1202	67	67	LV7605	No-Microbiome	2	17	3.932021821
1203	68	68	LV7605	No-Microbiome	3	17	6.640697774
1204	69	69	LV7605	No-Microbiome	4	17	6.198984161
1205	70	70	LV7605	No-Microbiome	5	17	6.212759182
1206	71	71	LY9208	No-Microbiome	1	17	4.209841254
1207	72	72	LY9208	No-Microbiome	2	17	5.816536543
1208	73	73	LY9208	No-Microbiome	3	17	4.851114272
1209	74	74	LY9208	No-Microbiome	4	17	8.096105593
1210	75	75	LY9208	No-Microbiome	5	17	5.268157652
1211	76	76	LM7200	No-Microbiome	1	17	6.986799152
1212	77	77	LM7200	No-Microbiome	2	17	5.270305222
1213	78	78	LM7200	No-Microbiome	3	17	10.04574658
1214	79	79	LM7200	No-Microbiome	4	17	2.732646945
1215	80	80	LM7200	No-Microbiome	5	17	15.39491826
1216	81	81	LA7339	No-Microbiome	1	17	3.238265509
1217	82	82	LA7339	No-Microbiome	2	17	5.6719575
1218	83	83	LA7339	No-Microbiome	3	17	4.657891224
1219	84	84	LA7339	No-Microbiome	4	17	4.633258521
1220	85	85	LA7339	No-Microbiome	5	17	NA
1221	86	86	LP8539	No-Microbiome	1	17	7.940388949
1222	87	87	LP8539	No-Microbiome	2	17	5.17651077
1223	88	88	LP8539	No-Microbiome	3	17	5.222788198
1224	89	89	LP8539	No-Microbiome	4	17	6.103931702
1225	90	90	LP8539	No-Microbiome	5	17	1.620550757
1226	91	91	LT9243	No-Microbiome	1	17	5.366557444
1227	92	92	LT9243	No-Microbiome	2	17	5.549235151
1228	93	93	LT9243	No-Microbiome	3	17	4.775986171
1229	94	94	LT9243	No-Microbiome	4	17	2.617794534
1230	95	95	LT9243	No-Microbiome	5	17	3.70986192
1231	96	96	PS	No-Microbiome	1	17	1.480673806
1232	97	97	PS	No-Microbiome	2	17	1.025918075
1233	98	98	PS	No-Microbiome	3	17	1.026433447
1234	99	99	PS	No-Microbiome	4	17	1.20644992
1235	100	100	PS	No-Microbiome	5	17	1.100909864
1236	106	106	SP7820	With-Microbiome	1	17	2.212727556
1237	107	107	SP7820	With-Microbiome	2	17	2.278275404
1238	108	108	SP7820	With-Microbiome	3	17	2.930680229
1239	109	109	SP7820	With-Microbiome	4	17	2.108127908
1240	110	110	SP7820	With-Microbiome	5	17	2.569387142
1241	111	111	SI9227	With-Microbiome	1	17	2.735508313
1242	112	112	SI9227	With-Microbiome	2	17	3.081074418
1243	113	113	SI9227	With-Microbiome	3	17	2.633829658
1244	114	114	SI9227	With-Microbiome	4	17	1.997225215
1245	115	115	SI9227	With-Microbiome	5	17	4.169011037
1246	116	116	SP9509	With-Microbiome	1	17	2.878907361
1247	117	117	SP9509	With-Microbiome	2	17	1.939315939
1248	118	118	SP9509	With-Microbiome	3	17	2.143440917
1249	119	119	SP9509	With-Microbiome	4	17	4.052865268
1250	120	120	SP9509	With-Microbiome	5	17	2.674789324
1251	121	121	SP5543	With-Microbiome	1	17	2.43407822
1252	122	122	SP5543	With-Microbiome	2	17	3.064477651
1253	123	123	SP5543	With-Microbiome	3	17	NA
1254	124	124	SP5543	With-Microbiome	4	17	2.207635666
1255	125	125	SP5543	With-Microbiome	5	17	2.75631514
1256	126	126	SP7498	With-Microbiome	1	17	1.775112316
1257	127	127	SP7498	With-Microbiome	2	17	NA
1258	128	128	SP7498	With-Microbiome	3	17	1.837082241
1259	129	129	SP7498	With-Microbiome	4	17	2.406629658
1260	130	130	SP7498	With-Microbiome	5	17	2.942020991
1261	131	131	SP9192	With-Microbiome	1	17	1.678037309
1262	132	132	SP9192	With-Microbiome	2	17	2.189323776
1263	133	133	SP9192	With-Microbiome	3	17	3.407050661
1264	134	134	SP9192	With-Microbiome	4	17	2.668013927
1265	135	135	SP9192	With-Microbiome	5	17	2.198505981
1266	136	136	LP7760	With-Microbiome	1	17	3.163823405
1267	137	137	LP7760	With-Microbiome	2	17	4.064953621
1268	138	138	LP7760	With-Microbiome	3	17	4.622021563
1269	139	139	LP7760	With-Microbiome	4	17	2.667281565
1270	140	140	LP7760	With-Microbiome	5	17	3.76328993
1271	141	141	LP0049	With-Microbiome	1	17	1.651956856
1272	142	142	LP0049	With-Microbiome	2	17	5.211644422
1273	143	143	LP0049	With-Microbiome	3	17	2.837578265
1274	144	144	LP0049	With-Microbiome	4	17	NA
1275	145	145	LP0049	With-Microbiome	5	17	1.997319442
1276	146	146	LT9109	With-Microbiome	1	17	NA
1277	147	147	LT9109	With-Microbiome	2	17	NA
1278	148	148	LT9109	With-Microbiome	3	17	NA
1279	149	149	LT9109	With-Microbiome	4	17	NA
1280	150	150	LT9109	With-Microbiome	5	17	3.116730092
1281	151	151	LJ9250	With-Microbiome	1	17	3.738136334
1282	152	152	LJ9250	With-Microbiome	2	17	4.64899197
1283	153	153	LJ9250	With-Microbiome	3	17	3.758228516
1284	154	154	LJ9250	With-Microbiome	4	17	5.389144622
1285	155	155	LJ9250	With-Microbiome	5	17	2.594453253
1286	156	156	LM7123	With-Microbiome	1	17	3.916776242
1287	157	157	LM7123	With-Microbiome	2	17	NA
1288	158	158	LM7123	With-Microbiome	3	17	4.193854211
1289	159	159	LM7123	With-Microbiome	4	17	NA
1290	160	160	LM7123	With-Microbiome	5	17	2.94336401
1291	161	161	LM8389	With-Microbiome	1	17	4.245320334
1292	162	162	LM8389	With-Microbiome	2	17	3.5114376
1293	163	163	LM8389	With-Microbiome	3	17	4.103978506
1294	164	164	LM8389	With-Microbiome	4	17	3.407821212
1295	165	165	LM8389	With-Microbiome	5	17	4.04886946
1296	166	166	LY9208	With-Microbiome	1	17	NA
1297	167	167	LY9208	With-Microbiome	2	17	NA
1298	168	168	LY9208	With-Microbiome	3	17	NA
1299	169	169	LY9208	With-Microbiome	4	17	3.027541262
1300	170	170	LY9208	With-Microbiome	5	17	4.460342545
1301	171	171	LV7605	With-Microbiome	1	17	NA
1302	172	172	LV7605	With-Microbiome	2	17	NA
1303	173	173	LV7605	With-Microbiome	3	17	NA
1304	174	174	LV7605	With-Microbiome	4	17	NA
1305	175	175	LV7605	With-Microbiome	5	17	NA
1306	176	176	LM7200	With-Microbiome	1	17	NA
1307	177	177	LM7200	With-Microbiome	2	17	NA
1308	178	178	LM7200	With-Microbiome	3	17	NA
1309	179	179	LM7200	With-Microbiome	4	17	NA
1310	180	180	LM7200	With-Microbiome	5	17	NA
1311	181	181	LA7339	With-Microbiome	1	17	4.413357284
1312	182	182	LA7339	With-Microbiome	2	17	NA
1313	183	183	LA7339	With-Microbiome	3	17	5.588552616
1314	184	184	LA7339	With-Microbiome	4	17	5.513355172
1315	185	185	LA7339	With-Microbiome	5	17	5.667990724
1316	186	186	LP8539	With-Microbiome	1	17	NA
1317	187	187	LP8539	With-Microbiome	2	17	NA
1318	188	188	LP8539	With-Microbiome	3	17	NA
1319	189	189	LP8539	With-Microbiome	4	17	NA
1320	190	190	LP8539	With-Microbiome	5	17	13.33589828
1321	191	191	LT9243	With-Microbiome	1	17	3.244789403
1322	192	192	LT9243	With-Microbiome	2	17	NA
1323	193	193	LT9243	With-Microbiome	3	17	NA
1324	194	194	LT9243	With-Microbiome	4	17	NA
1325	195	195	LT9243	With-Microbiome	5	17	NA
1326	196	196	PS	With-Microbiome	1	17	1.928071473
1327	197	197	PS	With-Microbiome	2	17	1.541278116
1328	198	198	PS	With-Microbiome	3	17	1.881612665
1329	199	199	PS	With-Microbiome	4	17	1.782089027
1330	200	200	PS	With-Microbiome	5	17	1.724725723
1331	6	6	SP7820	No-Microbiome	1	19	2.872185101
1332	7	7	SP7820	No-Microbiome	2	19	2.92864028
1333	8	8	SP7820	No-Microbiome	3	19	4.896367596
1334	9	9	SP7820	No-Microbiome	4	19	2.488568993
1335	10	10	SP7820	No-Microbiome	5	19	3.117196061
1336	11	11	SI9227	No-Microbiome	1	19	2.839700406
1337	12	12	SI9227	No-Microbiome	2	19	2.381578297
1338	13	13	SI9227	No-Microbiome	3	19	2.776676497
1339	14	14	SI9227	No-Microbiome	4	19	2.962116674
1340	15	15	SI9227	No-Microbiome	5	19	2.983458755
1341	16	16	SP9509	No-Microbiome	1	19	2.657495694
1342	17	17	SP9509	No-Microbiome	2	19	2.349119432
1343	18	18	SP9509	No-Microbiome	3	19	2.010917016
1344	19	19	SP9509	No-Microbiome	4	19	2.289657261
1345	20	20	SP9509	No-Microbiome	5	19	2.557102015
1346	21	21	SP5543	No-Microbiome	1	19	2.276793759
1347	22	22	SP5543	No-Microbiome	2	19	2.697397291
1348	23	23	SP5543	No-Microbiome	3	19	2.8237866
1349	24	24	SP5543	No-Microbiome	4	19	2.629936525
1350	25	25	SP5543	No-Microbiome	5	19	2.672302712
1351	26	26	SP7498	No-Microbiome	1	19	2.624124984
1352	27	27	SP7498	No-Microbiome	2	19	3.717727526
1353	28	28	SP7498	No-Microbiome	3	19	4.058093647
1354	29	29	SP7498	No-Microbiome	4	19	2.832543022
1355	30	30	SP7498	No-Microbiome	5	19	2.942706204
1356	31	31	SP9192	No-Microbiome	1	19	3.489766082
1357	32	32	SP9192	No-Microbiome	2	19	4.702932003
1358	33	33	SP9192	No-Microbiome	3	19	3.805556161
1359	34	34	SP9192	No-Microbiome	4	19	3.806881668
1360	35	35	SP9192	No-Microbiome	5	19	2.543624011
1361	36	36	LP7760	No-Microbiome	1	19	8.258234135
1362	37	37	LP7760	No-Microbiome	2	19	4.795024376
1363	38	38	LP7760	No-Microbiome	3	19	3.112524843
1364	39	39	LP7760	No-Microbiome	4	19	2.688308853
1365	40	40	LP7760	No-Microbiome	5	19	3.4211497
1366	41	41	LP0049	No-Microbiome	1	19	2.35527958
1367	42	42	LP0049	No-Microbiome	2	19	1.956334365
1368	43	43	LP0049	No-Microbiome	3	19	1.927553312
1369	44	44	LP0049	No-Microbiome	4	19	2.22934656
1370	45	45	LP0049	No-Microbiome	5	19	2.013173288
1371	46	46	LT9109	No-Microbiome	1	19	4.153852746
1372	47	47	LT9109	No-Microbiome	2	19	6.918488755
1373	48	48	LT9109	No-Microbiome	3	19	3.083984909
1374	49	49	LT9109	No-Microbiome	4	19	4.332741394
1375	50	50	LT9109	No-Microbiome	5	19	3.536237524
1376	51	51	LJ9250	No-Microbiome	1	19	5.320934933
1377	52	52	LJ9250	No-Microbiome	2	19	4.250382086
1378	53	53	LJ9250	No-Microbiome	3	19	2.71927171
1379	54	54	LJ9250	No-Microbiome	4	19	4.190315032
1380	55	55	LJ9250	No-Microbiome	5	19	2.667734463
1381	56	56	LM7123	No-Microbiome	1	19	4.503476039
1382	57	57	LM7123	No-Microbiome	2	19	5.531219518
1383	58	58	LM7123	No-Microbiome	3	19	10.04490222
1384	59	59	LM7123	No-Microbiome	4	19	7.799359309
1385	60	60	LM7123	No-Microbiome	5	19	7.138969865
1386	61	61	LM8389	No-Microbiome	1	19	5.465805799
1387	62	62	LM8389	No-Microbiome	2	19	3.744536962
1388	63	63	LM8389	No-Microbiome	3	19	3.92281435
1389	64	64	LM8389	No-Microbiome	4	19	3.477168646
1390	65	65	LM8389	No-Microbiome	5	19	5.154790301
1391	66	66	LV7605	No-Microbiome	1	19	5.983751696
1392	67	67	LV7605	No-Microbiome	2	19	6.774358111
1393	68	68	LV7605	No-Microbiome	3	19	4.185992068
1394	69	69	LV7605	No-Microbiome	4	19	6.279914911
1395	70	70	LV7605	No-Microbiome	5	19	5.043059131
1396	71	71	LY9208	No-Microbiome	1	19	4.630192261
1397	72	72	LY9208	No-Microbiome	2	19	4.740354208
1398	73	73	LY9208	No-Microbiome	3	19	4.150516547
1399	74	74	LY9208	No-Microbiome	4	19	8.327857466
1400	75	75	LY9208	No-Microbiome	5	19	5.180709733
1401	76	76	LM7200	No-Microbiome	1	19	7.675214593
1402	77	77	LM7200	No-Microbiome	2	19	5.76388193
1403	78	78	LM7200	No-Microbiome	3	19	6.102190174
1404	79	79	LM7200	No-Microbiome	4	19	2.914574873
1405	80	80	LM7200	No-Microbiome	5	19	14.66904418
1406	81	81	LA7339	No-Microbiome	1	19	4.71417509
1407	82	82	LA7339	No-Microbiome	2	19	7.189711256
1408	83	83	LA7339	No-Microbiome	3	19	5.370349046
1409	84	84	LA7339	No-Microbiome	4	19	NA
1410	85	85	LA7339	No-Microbiome	5	19	5.922419631
1411	86	86	LP8539	No-Microbiome	1	19	8.006929597
1412	87	87	LP8539	No-Microbiome	2	19	4.823002144
1413	88	88	LP8539	No-Microbiome	3	19	6.612934563
1414	89	89	LP8539	No-Microbiome	4	19	6.481760455
1415	90	90	LP8539	No-Microbiome	5	19	2.050413311
1416	91	91	LT9243	No-Microbiome	1	19	6.041496437
1417	92	92	LT9243	No-Microbiome	2	19	3.901697124
1418	93	93	LT9243	No-Microbiome	3	19	4.537868969
1419	94	94	LT9243	No-Microbiome	4	19	2.584867139
1420	95	95	LT9243	No-Microbiome	5	19	3.024700276
1421	96	96	PS	No-Microbiome	1	19	1.388596786
1422	97	97	PS	No-Microbiome	2	19	1.006718705
1423	98	98	PS	No-Microbiome	3	19	1.049253337
1424	99	99	PS	No-Microbiome	4	19	1.171030247
1425	100	100	PS	No-Microbiome	5	19	1.011514289
1426	106	106	SP7820	With-Microbiome	1	19	2.909935187
1427	107	107	SP7820	With-Microbiome	2	19	2.22911542
1428	108	108	SP7820	With-Microbiome	3	19	3.245987968
1429	109	109	SP7820	With-Microbiome	4	19	2.862055954
1430	110	110	SP7820	With-Microbiome	5	19	2.591965316
1431	111	111	SI9227	With-Microbiome	1	19	1.569192107
1432	112	112	SI9227	With-Microbiome	2	19	NA
1433	113	113	SI9227	With-Microbiome	3	19	3.063476373
1434	114	114	SI9227	With-Microbiome	4	19	2.222357763
1435	115	115	SI9227	With-Microbiome	5	19	3.651823615
1436	116	116	SP9509	With-Microbiome	1	19	2.314662385
1437	117	117	SP9509	With-Microbiome	2	19	1.696123717
1438	118	118	SP9509	With-Microbiome	3	19	1.80159925
1439	119	119	SP9509	With-Microbiome	4	19	3.695016405
1440	120	120	SP9509	With-Microbiome	5	19	2.555951811
1441	121	121	SP5543	With-Microbiome	1	19	NA
1442	122	122	SP5543	With-Microbiome	2	19	3.456834269
1443	123	123	SP5543	With-Microbiome	3	19	2.653331638
1444	124	124	SP5543	With-Microbiome	4	19	3.254362333
1445	125	125	SP5543	With-Microbiome	5	19	2.799848469
1446	126	126	SP7498	With-Microbiome	1	19	1.803701087
1447	127	127	SP7498	With-Microbiome	2	19	4.512107719
1448	128	128	SP7498	With-Microbiome	3	19	1.868301843
1449	129	129	SP7498	With-Microbiome	4	19	2.348253357
1450	130	130	SP7498	With-Microbiome	5	19	2.622506823
1451	131	131	SP9192	With-Microbiome	1	19	2.200885313
1452	132	132	SP9192	With-Microbiome	2	19	2.080477557
1453	133	133	SP9192	With-Microbiome	3	19	NA
1454	134	134	SP9192	With-Microbiome	4	19	2.294891604
1455	135	135	SP9192	With-Microbiome	5	19	2.051813646
1456	136	136	LP7760	With-Microbiome	1	19	3.779655062
1457	137	137	LP7760	With-Microbiome	2	19	4.718999711
1458	138	138	LP7760	With-Microbiome	3	19	3.29938461
1459	139	139	LP7760	With-Microbiome	4	19	2.681739486
1460	140	140	LP7760	With-Microbiome	5	19	NA
1461	141	141	LP0049	With-Microbiome	1	19	2.733767961
1462	142	142	LP0049	With-Microbiome	2	19	3.279402948
1463	143	143	LP0049	With-Microbiome	3	19	3.018171235
1464	144	144	LP0049	With-Microbiome	4	19	1.527157449
1465	145	145	LP0049	With-Microbiome	5	19	NA
1466	146	146	LT9109	With-Microbiome	1	19	NA
1467	147	147	LT9109	With-Microbiome	2	19	NA
1468	148	148	LT9109	With-Microbiome	3	19	NA
1469	149	149	LT9109	With-Microbiome	4	19	NA
1470	150	150	LT9109	With-Microbiome	5	19	3.235807412
1471	151	151	LJ9250	With-Microbiome	1	19	2.950206269
1472	152	152	LJ9250	With-Microbiome	2	19	3.581644109
1473	153	153	LJ9250	With-Microbiome	3	19	2.89719069
1474	154	154	LJ9250	With-Microbiome	4	19	3.623820384
1475	155	155	LJ9250	With-Microbiome	5	19	3.513747003
1476	156	156	LM7123	With-Microbiome	1	19	3.85785845
1477	157	157	LM7123	With-Microbiome	2	19	5.717168697
1478	158	158	LM7123	With-Microbiome	3	19	2.622242112
1479	159	159	LM7123	With-Microbiome	4	19	NA
1480	160	160	LM7123	With-Microbiome	5	19	NA
1481	161	161	LM8389	With-Microbiome	1	19	3.173016115
1482	162	162	LM8389	With-Microbiome	2	19	4.676259301
1483	163	163	LM8389	With-Microbiome	3	19	3.116193061
1484	164	164	LM8389	With-Microbiome	4	19	3.122648298
1485	165	165	LM8389	With-Microbiome	5	19	3.706719158
1486	166	166	LY9208	With-Microbiome	1	19	NA
1487	167	167	LY9208	With-Microbiome	2	19	2.329104214
1488	168	168	LY9208	With-Microbiome	3	19	2.87964035
1489	169	169	LY9208	With-Microbiome	4	19	4.374541475
1490	170	170	LY9208	With-Microbiome	5	19	4.652770918
1491	171	171	LV7605	With-Microbiome	1	19	NA
1492	172	172	LV7605	With-Microbiome	2	19	NA
1493	173	173	LV7605	With-Microbiome	3	19	1.729040449
1494	174	174	LV7605	With-Microbiome	4	19	NA
1495	175	175	LV7605	With-Microbiome	5	19	NA
1496	176	176	LM7200	With-Microbiome	1	19	NA
1497	177	177	LM7200	With-Microbiome	2	19	12.12778513
1498	178	178	LM7200	With-Microbiome	3	19	NA
1499	179	179	LM7200	With-Microbiome	4	19	NA
1500	180	180	LM7200	With-Microbiome	5	19	NA
1501	181	181	LA7339	With-Microbiome	1	19	5.645069633
1502	182	182	LA7339	With-Microbiome	2	19	NA
1503	183	183	LA7339	With-Microbiome	3	19	5.727917092
1504	184	184	LA7339	With-Microbiome	4	19	4.671145783
1505	185	185	LA7339	With-Microbiome	5	19	5.170740902
1506	186	186	LP8539	With-Microbiome	1	19	NA
1507	187	187	LP8539	With-Microbiome	2	19	NA
1508	188	188	LP8539	With-Microbiome	3	19	NA
1509	189	189	LP8539	With-Microbiome	4	19	NA
1510	190	190	LP8539	With-Microbiome	5	19	NA
1511	191	191	LT9243	With-Microbiome	1	19	4.303417006
1512	192	192	LT9243	With-Microbiome	2	19	NA
1513	193	193	LT9243	With-Microbiome	3	19	NA
1514	194	194	LT9243	With-Microbiome	4	19	NA
1515	195	195	LT9243	With-Microbiome	5	19	NA
1516	196	196	PS	With-Microbiome	1	19	1.850548908
1517	197	197	PS	With-Microbiome	2	19	1.792503109
1518	198	198	PS	With-Microbiome	3	19	1.617010884
1519	199	199	PS	With-Microbiome	4	19	1.646906749
1520	200	200	PS	With-Microbiome	5	19	1.609401406
1521	6	6	SP7820	No-Microbiome	1	21	3.200043099
1522	7	7	SP7820	No-Microbiome	2	21	2.831446107
1523	8	8	SP7820	No-Microbiome	3	21	4.557370858
1524	9	9	SP7820	No-Microbiome	4	21	2.697261621
1525	10	10	SP7820	No-Microbiome	5	21	3.411957895
1526	11	11	SI9227	No-Microbiome	1	21	2.782876965
1527	12	12	SI9227	No-Microbiome	2	21	2.745200527
1528	13	13	SI9227	No-Microbiome	3	21	3.171262137
1529	14	14	SI9227	No-Microbiome	4	21	2.620903534
1530	15	15	SI9227	No-Microbiome	5	21	3.450883336
1531	16	16	SP9509	No-Microbiome	1	21	2.604486427
1532	17	17	SP9509	No-Microbiome	2	21	2.579848928
1533	18	18	SP9509	No-Microbiome	3	21	2.466987715
1534	19	19	SP9509	No-Microbiome	4	21	2.365382007
1535	20	20	SP9509	No-Microbiome	5	21	2.629392358
1536	21	21	SP5543	No-Microbiome	1	21	2.727272168
1537	22	22	SP5543	No-Microbiome	2	21	2.848645291
1538	23	23	SP5543	No-Microbiome	3	21	3.005761291
1539	24	24	SP5543	No-Microbiome	4	21	2.85852436
1540	25	25	SP5543	No-Microbiome	5	21	3.076748216
1541	26	26	SP7498	No-Microbiome	1	21	2.542926405
1542	27	27	SP7498	No-Microbiome	2	21	3.921723675
1543	28	28	SP7498	No-Microbiome	3	21	4.466546765
1544	29	29	SP7498	No-Microbiome	4	21	2.865293529
1545	30	30	SP7498	No-Microbiome	5	21	2.776806681
1546	31	31	SP9192	No-Microbiome	1	21	3.974937205
1547	32	32	SP9192	No-Microbiome	2	21	4.653899277
1548	33	33	SP9192	No-Microbiome	3	21	4.257986606
1549	34	34	SP9192	No-Microbiome	4	21	3.604391726
1550	35	35	SP9192	No-Microbiome	5	21	3.054870452
1551	36	36	LP7760	No-Microbiome	1	21	6.010516221
1552	37	37	LP7760	No-Microbiome	2	21	3.492524551
1553	38	38	LP7760	No-Microbiome	3	21	3.552927058
1554	39	39	LP7760	No-Microbiome	4	21	3.701921498
1555	40	40	LP7760	No-Microbiome	5	21	3.230995164
1556	41	41	LP0049	No-Microbiome	1	21	2.162147005
1557	42	42	LP0049	No-Microbiome	2	21	1.962429293
1558	43	43	LP0049	No-Microbiome	3	21	2.339321302
1559	44	44	LP0049	No-Microbiome	4	21	2.348850314
1560	45	45	LP0049	No-Microbiome	5	21	2.169950224
1561	46	46	LT9109	No-Microbiome	1	21	4.343240446
1562	47	47	LT9109	No-Microbiome	2	21	4.330561418
1563	48	48	LT9109	No-Microbiome	3	21	3.039467573
1564	49	49	LT9109	No-Microbiome	4	21	5.169894997
1565	50	50	LT9109	No-Microbiome	5	21	3.19932358
1566	51	51	LJ9250	No-Microbiome	1	21	5.661367412
1567	52	52	LJ9250	No-Microbiome	2	21	3.330508485
1568	53	53	LJ9250	No-Microbiome	3	21	3.6448565
1569	54	54	LJ9250	No-Microbiome	4	21	4.456556764
1570	55	55	LJ9250	No-Microbiome	5	21	2.537711016
1571	56	56	LM7123	No-Microbiome	1	21	4.798010731
1572	57	57	LM7123	No-Microbiome	2	21	6.270477023
1573	58	58	LM7123	No-Microbiome	3	21	11.12003908
1574	59	59	LM7123	No-Microbiome	4	21	8.176690953
1575	60	60	LM7123	No-Microbiome	5	21	8.501544199
1576	61	61	LM8389	No-Microbiome	1	21	7.532653414
1577	62	62	LM8389	No-Microbiome	2	21	3.647448255
1578	63	63	LM8389	No-Microbiome	3	21	4.60465375
1579	64	64	LM8389	No-Microbiome	4	21	4.305374254
1580	65	65	LM8389	No-Microbiome	5	21	6.502639117
1581	66	66	LV7605	No-Microbiome	1	21	5.924951408
1582	67	67	LV7605	No-Microbiome	2	21	6.682264196
1583	68	68	LV7605	No-Microbiome	3	21	6.868490204
1584	69	69	LV7605	No-Microbiome	4	21	7.687822629
1585	70	70	LV7605	No-Microbiome	5	21	8.917506013
1586	71	71	LY9208	No-Microbiome	1	21	5.327021764
1587	72	72	LY9208	No-Microbiome	2	21	5.553746882
1588	73	73	LY9208	No-Microbiome	3	21	4.414120191
1589	74	74	LY9208	No-Microbiome	4	21	7.431269908
1590	75	75	LY9208	No-Microbiome	5	21	7.228676783
1591	76	76	LM7200	No-Microbiome	1	21	6.25309509
1592	77	77	LM7200	No-Microbiome	2	21	7.607767006
1593	78	78	LM7200	No-Microbiome	3	21	10.89915409
1594	79	79	LM7200	No-Microbiome	4	21	2.792668249
1595	80	80	LM7200	No-Microbiome	5	21	14.30030014
1596	81	81	LA7339	No-Microbiome	1	21	5.379352414
1597	82	82	LA7339	No-Microbiome	2	21	7.760415404
1598	83	83	LA7339	No-Microbiome	3	21	5.172760929
1599	84	84	LA7339	No-Microbiome	4	21	5.110768468
1600	85	85	LA7339	No-Microbiome	5	21	6.523282131
1601	86	86	LP8539	No-Microbiome	1	21	7.443982233
1602	87	87	LP8539	No-Microbiome	2	21	6.579721663
1603	88	88	LP8539	No-Microbiome	3	21	6.753295519
1604	89	89	LP8539	No-Microbiome	4	21	5.304166433
1605	90	90	LP8539	No-Microbiome	5	21	2.245936663
1606	91	91	LT9243	No-Microbiome	1	21	4.772458439
1607	92	92	LT9243	No-Microbiome	2	21	4.905568518
1608	93	93	LT9243	No-Microbiome	3	21	4.595681078
1609	94	94	LT9243	No-Microbiome	4	21	2.399078425
1610	95	95	LT9243	No-Microbiome	5	21	3.65257183
1611	96	96	PS	No-Microbiome	1	21	1.398504677
1612	97	97	PS	No-Microbiome	2	21	0.949027929
1613	98	98	PS	No-Microbiome	3	21	1.028682346
1614	99	99	PS	No-Microbiome	4	21	1.067040791
1615	100	100	PS	No-Microbiome	5	21	1.074957435
1616	106	106	SP7820	With-Microbiome	1	21	2.241244951
1617	107	107	SP7820	With-Microbiome	2	21	2.748064888
1618	108	108	SP7820	With-Microbiome	3	21	2.481334396
1619	109	109	SP7820	With-Microbiome	4	21	1.720937668
1620	110	110	SP7820	With-Microbiome	5	21	2.194887489
1621	111	111	SI9227	With-Microbiome	1	21	1.269670054
1622	112	112	SI9227	With-Microbiome	2	21	2.445985741
1623	113	113	SI9227	With-Microbiome	3	21	2.171740079
1624	114	114	SI9227	With-Microbiome	4	21	NA
1625	115	115	SI9227	With-Microbiome	5	21	2.3165482
1626	116	116	SP9509	With-Microbiome	1	21	3.25212657
1627	117	117	SP9509	With-Microbiome	2	21	1.643696863
1628	118	118	SP9509	With-Microbiome	3	21	2.157610581
1629	119	119	SP9509	With-Microbiome	4	21	3.729234622
1630	120	120	SP9509	With-Microbiome	5	21	2.381049777
1631	121	121	SP5543	With-Microbiome	1	21	1.662350315
1632	122	122	SP5543	With-Microbiome	2	21	2.643235805
1633	123	123	SP5543	With-Microbiome	3	21	2.605428872
1634	124	124	SP5543	With-Microbiome	4	21	2.695625256
1635	125	125	SP5543	With-Microbiome	5	21	2.647380576
1636	126	126	SP7498	With-Microbiome	1	21	1.45131622
1637	127	127	SP7498	With-Microbiome	2	21	4.035723562
1638	128	128	SP7498	With-Microbiome	3	21	1.691598895
1639	129	129	SP7498	With-Microbiome	4	21	2.284019978
1640	130	130	SP7498	With-Microbiome	5	21	2.614875506
1641	131	131	SP9192	With-Microbiome	1	21	1.835053674
1642	132	132	SP9192	With-Microbiome	2	21	2.702272045
1643	133	133	SP9192	With-Microbiome	3	21	3.133219957
1644	134	134	SP9192	With-Microbiome	4	21	2.339762839
1645	135	135	SP9192	With-Microbiome	5	21	2.169416468
1646	136	136	LP7760	With-Microbiome	1	21	4.134743971
1647	137	137	LP7760	With-Microbiome	2	21	3.88312338
1648	138	138	LP7760	With-Microbiome	3	21	4.043706083
1649	139	139	LP7760	With-Microbiome	4	21	2.237114513
1650	140	140	LP7760	With-Microbiome	5	21	NA
1651	141	141	LP0049	With-Microbiome	1	21	1.719129255
1652	142	142	LP0049	With-Microbiome	2	21	3.813784457
1653	143	143	LP0049	With-Microbiome	3	21	3.460335628
1654	144	144	LP0049	With-Microbiome	4	21	2.732005667
1655	145	145	LP0049	With-Microbiome	5	21	2.681818324
1656	146	146	LT9109	With-Microbiome	1	21	NA
1657	147	147	LT9109	With-Microbiome	2	21	NA
1658	148	148	LT9109	With-Microbiome	3	21	7.066204798
1659	149	149	LT9109	With-Microbiome	4	21	NA
1660	150	150	LT9109	With-Microbiome	5	21	NA
1661	151	151	LJ9250	With-Microbiome	1	21	3.259842702
1662	152	152	LJ9250	With-Microbiome	2	21	3.173470587
1663	153	153	LJ9250	With-Microbiome	3	21	3.587871304
1664	154	154	LJ9250	With-Microbiome	4	21	4.054310458
1665	155	155	LJ9250	With-Microbiome	5	21	3.360696821
1666	156	156	LM7123	With-Microbiome	1	21	3.701961973
1667	157	157	LM7123	With-Microbiome	2	21	3.945461266
1668	158	158	LM7123	With-Microbiome	3	21	3.613738079
1669	159	159	LM7123	With-Microbiome	4	21	6.26696039
1670	160	160	LM7123	With-Microbiome	5	21	4.884234353
1671	161	161	LM8389	With-Microbiome	1	21	3.5370413
1672	162	162	LM8389	With-Microbiome	2	21	3.055968142
1673	163	163	LM8389	With-Microbiome	3	21	5.388172726
1674	164	164	LM8389	With-Microbiome	4	21	3.449996734
1675	165	165	LM8389	With-Microbiome	5	21	3.814188746
1676	166	166	LY9208	With-Microbiome	1	21	3.468170372
1677	167	167	LY9208	With-Microbiome	2	21	NA
1678	168	168	LY9208	With-Microbiome	3	21	3.586007469
1679	169	169	LY9208	With-Microbiome	4	21	3.463515907
1680	170	170	LY9208	With-Microbiome	5	21	NA
1681	171	171	LV7605	With-Microbiome	1	21	NA
1682	172	172	LV7605	With-Microbiome	2	21	NA
1683	173	173	LV7605	With-Microbiome	3	21	NA
1684	174	174	LV7605	With-Microbiome	4	21	NA
1685	175	175	LV7605	With-Microbiome	5	21	11.69070662
1686	176	176	LM7200	With-Microbiome	1	21	NA
1687	177	177	LM7200	With-Microbiome	2	21	NA
1688	178	178	LM7200	With-Microbiome	3	21	NA
1689	179	179	LM7200	With-Microbiome	4	21	2.266445805
1690	180	180	LM7200	With-Microbiome	5	21	NA
1691	181	181	LA7339	With-Microbiome	1	21	5.001446221
1692	182	182	LA7339	With-Microbiome	2	21	NA
1693	183	183	LA7339	With-Microbiome	3	21	6.013900748
1694	184	184	LA7339	With-Microbiome	4	21	4.876527981
1695	185	185	LA7339	With-Microbiome	5	21	5.161744808
1696	186	186	LP8539	With-Microbiome	1	21	NA
1697	187	187	LP8539	With-Microbiome	2	21	NA
1698	188	188	LP8539	With-Microbiome	3	21	NA
1699	189	189	LP8539	With-Microbiome	4	21	NA
1700	190	190	LP8539	With-Microbiome	5	21	NA
1701	191	191	LT9243	With-Microbiome	1	21	3.764368091
1702	192	192	LT9243	With-Microbiome	2	21	2.780836608
1703	193	193	LT9243	With-Microbiome	3	21	1.802879947
1704	194	194	LT9243	With-Microbiome	4	21	NA
1705	195	195	LT9243	With-Microbiome	5	21	NA
1706	196	196	PS	With-Microbiome	1	21	2.130398549
1707	197	197	PS	With-Microbiome	2	21	1.70965516
1708	198	198	PS	With-Microbiome	3	21	1.655913318
1709	199	199	PS	With-Microbiome	4	21	1.614774898
1710	200	200	PS	With-Microbiome	5	21	1.515550145
1711	6	6	SP7820	No-Microbiome	1	25	3.265535116
1712	7	7	SP7820	No-Microbiome	2	25	3.486915193
1713	8	8	SP7820	No-Microbiome	3	25	5.581628817
1714	9	9	SP7820	No-Microbiome	4	25	2.369079489
1715	10	10	SP7820	No-Microbiome	5	25	3.892247132
1716	11	11	SI9227	No-Microbiome	1	25	3.670848526
1717	12	12	SI9227	No-Microbiome	2	25	2.992826696
1718	13	13	SI9227	No-Microbiome	3	25	3.588005603
1719	14	14	SI9227	No-Microbiome	4	25	3.474576747
1720	15	15	SI9227	No-Microbiome	5	25	3.363603932
1721	16	16	SP9509	No-Microbiome	1	25	3.129800796
1722	17	17	SP9509	No-Microbiome	2	25	2.302038335
1723	18	18	SP9509	No-Microbiome	3	25	2.520176727
1724	19	19	SP9509	No-Microbiome	4	25	3.07642164
1725	20	20	SP9509	No-Microbiome	5	25	3.242737118
1726	21	21	SP5543	No-Microbiome	1	25	3.165087584
1727	22	22	SP5543	No-Microbiome	2	25	2.866831817
1728	23	23	SP5543	No-Microbiome	3	25	3.110668748
1729	24	24	SP5543	No-Microbiome	4	25	3.500431388
1730	25	25	SP5543	No-Microbiome	5	25	3.661938074
1731	26	26	SP7498	No-Microbiome	1	25	3.001253084
1732	27	27	SP7498	No-Microbiome	2	25	4.330771807
1733	28	28	SP7498	No-Microbiome	3	25	5.006016546
1734	29	29	SP7498	No-Microbiome	4	25	3.088292267
1735	30	30	SP7498	No-Microbiome	5	25	3.321950545
1736	31	31	SP9192	No-Microbiome	1	25	4.918521772
1737	32	32	SP9192	No-Microbiome	2	25	4.600810996
1738	33	33	SP9192	No-Microbiome	3	25	4.923494828
1739	34	34	SP9192	No-Microbiome	4	25	4.362844593
1740	35	35	SP9192	No-Microbiome	5	25	3.225290752
1741	36	36	LP7760	No-Microbiome	1	25	7.790554646
1742	37	37	LP7760	No-Microbiome	2	25	4.832845527
1743	38	38	LP7760	No-Microbiome	3	25	3.7097228
1744	39	39	LP7760	No-Microbiome	4	25	3.400971505
1745	40	40	LP7760	No-Microbiome	5	25	3.840795244
1746	41	41	LP0049	No-Microbiome	1	25	2.606002934
1747	42	42	LP0049	No-Microbiome	2	25	2.115152931
1748	43	43	LP0049	No-Microbiome	3	25	1.386275118
1749	44	44	LP0049	No-Microbiome	4	25	5.609408747
1750	45	45	LP0049	No-Microbiome	5	25	2.894696644
1751	46	46	LT9109	No-Microbiome	1	25	5.609661135
1752	47	47	LT9109	No-Microbiome	2	25	6.232995919
1753	48	48	LT9109	No-Microbiome	3	25	5.284953612
1754	49	49	LT9109	No-Microbiome	4	25	6.50023436
1755	50	50	LT9109	No-Microbiome	5	25	4.697046027
1756	51	51	LJ9250	No-Microbiome	1	25	5.125495137
1757	52	52	LJ9250	No-Microbiome	2	25	3.610881865
1758	53	53	LJ9250	No-Microbiome	3	25	4.024518874
1759	54	54	LJ9250	No-Microbiome	4	25	5.080450592
1760	55	55	LJ9250	No-Microbiome	5	25	3.277609975
1761	56	56	LM7123	No-Microbiome	1	25	6.076471983
1762	57	57	LM7123	No-Microbiome	2	25	7.803597595
1763	58	58	LM7123	No-Microbiome	3	25	12.51355057
1764	59	59	LM7123	No-Microbiome	4	25	10.18957716
1765	60	60	LM7123	No-Microbiome	5	25	10.44935922
1766	61	61	LM8389	No-Microbiome	1	25	6.583688185
1767	62	62	LM8389	No-Microbiome	2	25	5.008927229
1768	63	63	LM8389	No-Microbiome	3	25	6.768054823
1769	64	64	LM8389	No-Microbiome	4	25	4.868406976
1770	65	65	LM8389	No-Microbiome	5	25	7.802518708
1771	66	66	LV7605	No-Microbiome	1	25	9.912063252
1772	67	67	LV7605	No-Microbiome	2	25	8.943280765
1773	68	68	LV7605	No-Microbiome	3	25	8.690936136
1774	69	69	LV7605	No-Microbiome	4	25	9.068434177
1775	70	70	LV7605	No-Microbiome	5	25	9.717508121
1776	71	71	LY9208	No-Microbiome	1	25	5.478072944
1777	72	72	LY9208	No-Microbiome	2	25	6.839850194
1778	73	73	LY9208	No-Microbiome	3	25	7.555601479
1779	74	74	LY9208	No-Microbiome	4	25	10.6551426
1780	75	75	LY9208	No-Microbiome	5	25	7.454671706
1781	76	76	LM7200	No-Microbiome	1	25	9.500388631
1782	77	77	LM7200	No-Microbiome	2	25	10.99645348
1783	78	78	LM7200	No-Microbiome	3	25	14.81282366
1784	79	79	LM7200	No-Microbiome	4	25	4.820468743
1785	80	80	LM7200	No-Microbiome	5	25	21.74544544
1786	81	81	LA7339	No-Microbiome	1	25	5.633609091
1787	82	82	LA7339	No-Microbiome	2	25	7.232631982
1788	83	83	LA7339	No-Microbiome	3	25	5.361272929
1789	84	84	LA7339	No-Microbiome	4	25	5.661589468
1790	85	85	LA7339	No-Microbiome	5	25	6.837202132
1791	86	86	LP8539	No-Microbiome	1	25	8.206647838
1792	87	87	LP8539	No-Microbiome	2	25	6.639016241
1793	88	88	LP8539	No-Microbiome	3	25	7.514324028
1794	89	89	LP8539	No-Microbiome	4	25	5.604390492
1795	90	90	LP8539	No-Microbiome	5	25	2.278669758
1796	91	91	LT9243	No-Microbiome	1	25	7.642978612
1797	92	92	LT9243	No-Microbiome	2	25	6.576101706
1798	93	93	LT9243	No-Microbiome	3	25	5.524522604
1799	94	94	LT9243	No-Microbiome	4	25	3.258834474
1800	95	95	LT9243	No-Microbiome	5	25	5.402470958
1801	96	96	PS	No-Microbiome	1	25	1.377467317
1802	97	97	PS	No-Microbiome	2	25	0.925949727
1803	98	98	PS	No-Microbiome	3	25	1.012186335
1804	99	99	PS	No-Microbiome	4	25	1.056720448
1805	100	100	PS	No-Microbiome	5	25	1.056170495
1806	106	106	SP7820	With-Microbiome	1	25	2.197972732
1807	107	107	SP7820	With-Microbiome	2	25	2.500491111
1808	108	108	SP7820	With-Microbiome	3	25	2.127965625
1809	109	109	SP7820	With-Microbiome	4	25	2.170810264
1810	110	110	SP7820	With-Microbiome	5	25	2.030102946
1811	111	111	SI9227	With-Microbiome	1	25	2.030102946
1812	112	112	SI9227	With-Microbiome	2	25	1.760011525
1813	113	113	SI9227	With-Microbiome	3	25	2.144358991
1814	114	114	SI9227	With-Microbiome	4	25	2.469757769
1815	115	115	SI9227	With-Microbiome	5	25	2.803955188
1816	116	116	SP9509	With-Microbiome	1	25	3.037377356
1817	117	117	SP9509	With-Microbiome	2	25	1.367422052
1818	118	118	SP9509	With-Microbiome	3	25	2.07681998
1819	119	119	SP9509	With-Microbiome	4	25	3.260152244
1820	120	120	SP9509	With-Microbiome	5	25	2.045126146
1821	121	121	SP5543	With-Microbiome	1	25	2.242219554
1822	122	122	SP5543	With-Microbiome	2	25	2.090797789
1823	123	123	SP5543	With-Microbiome	3	25	3.206590948
1824	124	124	SP5543	With-Microbiome	4	25	1.672595348
1825	125	125	SP5543	With-Microbiome	5	25	2.677678068
1826	126	126	SP7498	With-Microbiome	1	25	1.622057405
1827	127	127	SP7498	With-Microbiome	2	25	3.697287647
1828	128	128	SP7498	With-Microbiome	3	25	1.365646107
1829	129	129	SP7498	With-Microbiome	4	25	2.774184148
1830	130	130	SP7498	With-Microbiome	5	25	2.081347324
1831	131	131	SP9192	With-Microbiome	1	25	1.645462008
1832	132	132	SP9192	With-Microbiome	2	25	2.092031904
1833	133	133	SP9192	With-Microbiome	3	25	3.137903455
1834	134	134	SP9192	With-Microbiome	4	25	2.742966166
1835	135	135	SP9192	With-Microbiome	5	25	2.316307014
1836	136	136	LP7760	With-Microbiome	1	25	2.120911085
1837	137	137	LP7760	With-Microbiome	2	25	3.859187811
1838	138	138	LP7760	With-Microbiome	3	25	3.058285584
1839	139	139	LP7760	With-Microbiome	4	25	2.335363988
1840	140	140	LP7760	With-Microbiome	5	25	3.228327813
1841	141	141	LP0049	With-Microbiome	1	25	2.048110082
1842	142	142	LP0049	With-Microbiome	2	25	3.626525087
1843	143	143	LP0049	With-Microbiome	3	25	2.36534495
1844	144	144	LP0049	With-Microbiome	4	25	1.474414508
1845	145	145	LP0049	With-Microbiome	5	25	2.22489609
1846	146	146	LT9109	With-Microbiome	1	25	2.898749786
1847	147	147	LT9109	With-Microbiome	2	25	6.39145668
1848	148	148	LT9109	With-Microbiome	3	25	4.795323909
1849	149	149	LT9109	With-Microbiome	4	25	3.679755872
1850	150	150	LT9109	With-Microbiome	5	25	2.28261558
1851	151	151	LJ9250	With-Microbiome	1	25	2.845651465
1852	152	152	LJ9250	With-Microbiome	2	25	4.026924314
1853	153	153	LJ9250	With-Microbiome	3	25	2.851581656
1854	154	154	LJ9250	With-Microbiome	4	25	3.844225488
1855	155	155	LJ9250	With-Microbiome	5	25	2.239938137
1856	156	156	LM7123	With-Microbiome	1	25	3.21537957
1857	157	157	LM7123	With-Microbiome	2	25	3.543414862
1858	158	158	LM7123	With-Microbiome	3	25	2.748103131
1859	159	159	LM7123	With-Microbiome	4	25	4.815746369
1860	160	160	LM7123	With-Microbiome	5	25	2.849911465
1861	161	161	LM8389	With-Microbiome	1	25	3.448621977
1862	162	162	LM8389	With-Microbiome	2	25	2.900213335
1863	163	163	LM8389	With-Microbiome	3	25	3.207773194
1864	164	164	LM8389	With-Microbiome	4	25	3.24891452
1865	165	165	LM8389	With-Microbiome	5	25	3.586815673
1866	166	166	LY9208	With-Microbiome	1	25	4.961980409
1867	167	167	LY9208	With-Microbiome	2	25	3.100474001
1868	168	168	LY9208	With-Microbiome	3	25	3.559439486
1869	169	169	LY9208	With-Microbiome	4	25	3.08197826
1870	170	170	LY9208	With-Microbiome	5	25	5.537293481
1871	171	171	LV7605	With-Microbiome	1	25	4.195138737
1872	172	172	LV7605	With-Microbiome	2	25	4.049328155
1873	173	173	LV7605	With-Microbiome	3	25	3.393349328
1874	174	174	LV7605	With-Microbiome	4	25	2.535528164
1875	175	175	LV7605	With-Microbiome	5	25	3.236027373
1876	176	176	LM7200	With-Microbiome	1	25	2.444187867
1877	177	177	LM7200	With-Microbiome	2	25	2.007637449
1878	178	178	LM7200	With-Microbiome	3	25	3.02051277
1879	179	179	LM7200	With-Microbiome	4	25	3.002295242
1880	180	180	LM7200	With-Microbiome	5	25	3.134102383
1881	181	181	LA7339	With-Microbiome	1	25	4.660053329
1882	182	182	LA7339	With-Microbiome	2	25	3.672238712
1883	183	183	LA7339	With-Microbiome	3	25	4.590330334
1884	184	184	LA7339	With-Microbiome	4	25	3.901656642
1885	185	185	LA7339	With-Microbiome	5	25	5.833996261
1886	186	186	LP8539	With-Microbiome	1	25	3.568296562
1887	187	187	LP8539	With-Microbiome	2	25	3.575355415
1888	188	188	LP8539	With-Microbiome	3	25	2.651325779
1889	189	189	LP8539	With-Microbiome	4	25	3.064733754
1890	190	190	LP8539	With-Microbiome	5	25	6.265552192
1891	191	191	LT9243	With-Microbiome	1	25	4.596402001
1892	192	192	LT9243	With-Microbiome	2	25	4.472996585
1893	193	193	LT9243	With-Microbiome	3	25	3.312856164
1894	194	194	LT9243	With-Microbiome	4	25	3.796868365
1895	195	195	LT9243	With-Microbiome	5	25	2.963262458
1896	196	196	PS	With-Microbiome	1	25	2.212864497
1897	197	197	PS	With-Microbiome	2	25	1.759799058
1898	198	198	PS	With-Microbiome	3	25	1.766593818
1899	199	199	PS	With-Microbiome	4	25	1.3515487
1900	200	200	PS	With-Microbiome	5	25	1.5571992
