	Species	Microbiome	Compound	Placa 	Well	0	3	6	12	15	17	20
1	LY5290	NB	None	1	1	1	1.281111111	1.513240741	2.444722222	3.111111111	5.10287037	4.663148148
2	LY5290	NB	None	1	2	1	0.975402299	1.202068966	1.467241379	2.045977011	3.562068966	3.362873563
3	LY5290	NB	None	1	3	1	1.01	1.342111111	1.932111111	2.422222222	3.848777778	3.518444444
7	LY5290	NB	DMSO	1	7	1	0.985913978	0.905913978	1.344301075	0.698924731	0.78655914	0.687204301
8	LY5290	NB	DMSO	1	8	1	0.883855422	1.192168675	1.46373494	1.481927711	1.435783133	1.327831325
9	LY5290	NB	DMSO	1	9	1	0.871710526	1.08	1.173947368	1.078947368	1.150789474	0.979078947
13	LY5290	Syncom	None	2	1	1	1.225952381	1.340595238	2.052380952	2.767261905	5.237619048	5.746904762
14	LY5290	Syncom	None	2	2	1	1.24880597	1.443134328	1.967462687	3.087014925	4.749402985	4.901044776
15	LY5290	Syncom	None	2	3	1	1.035352113	1.31084507	1.91943662	2.545352113	6.475915493	4.740422535
19	LY5290	Syncom	DMSO	2	7	1	1.170416667	1.458541667	2.489270833	3.031770833	4.925416667	5.103854167
20	LY5290	Syncom	DMSO	2	8	1	1.19	1.240512821	1.621794872	1.800897436	2.740641026	2.685
21	LY5290	Syncom	DMSO	2	9	1	1.163777778	1.360111111	1.742	2.289666667	3.350777778	3.495888889
25	LY5290	Syncom	Methyl-Cytrate	3	1	1	1.362477876	1.572831858	3.568141593	3.927079646	6.605486726	7.240265487
26	LY5290	Syncom	Methyl-Cytrate	3	2	1	1.092912621	1.35631068	3.292038835	3.801747573	6.496504854	6.86368932
27	LY5290	Syncom	Methyl-Cytrate	3	3	1	1.153363636	1.362	2.032	2.194090909	5.937454545	4.014272727
31	LY5290	Syncom	Citrulline	3	7	1	0.900952381	1.295809524	2.066380952	2.412666667	3.875428571	4.089809524
32	LY5290	Syncom	Citrulline	3	8	1	1.003225806	1.191774194	2.447096774	2.489516129	6.839032258	3.844354839
33	LY5290	Syncom	Citrulline	3	9	1	1.004561404	1.363859649	2.867017544	2.972807018	4.194385965	4.868070175
37	LY5290	Syncom	Adrenaline	4	1	1	1.013913043	1.60673913	2.364782609	3.171086957	5.843695652	5.778478261
38	LY5290	Syncom	Adrenaline	4	2	1	1.090153846	1.528769231	1.415846154	1.952615385	3.882153846	3.611538462
39	LY5290	Syncom	Adrenaline	4	3	1	1.081168831	1.291688312	2.139480519	2.55025974	2.854545455	5.225714286
43	LY5290	Syncom	Lysine	4	7	1	1.065656566	1.229494949	1.38979798	1.19020202	1.414626263	1.553333333
44	LY5290	Syncom	Lysine	4	8	1	0.921946903	1.188495575	1.020973451	1.165309735	1.197699115	1.29699115
45	LY5290	Syncom	Lysine	4	9	1	1.081578947	1.204473684	0.961929825	0.830701754	1.312982456	0.88254386
49	LY5290	Syncom	Glutaric_acid	5	1	1	0.975945946	1.406756757	0.97472973	1.378378378	1.545	1.526756757
50	LY5290	Syncom	Glutaric_acid	5	2	1	0.967162162	1.176081081	1.221891892	1.148648649	1.053513514	1.095675676
51	LY5290	Syncom	Glutaric_acid	5	3	1	0.995955056	1.139438202	0.950898876	0.97752809	1.107865169	1.193146067
55	LY5290	Syncom	Pyrone	5	7	1	0.925327103	1.136168224	1.368317757	1.373831776	1.954392523	1.798411215
56	LY5290	Syncom	Pyrone	5	8	1	1.30412844	1.558990826	1.931009174	2.018348624	3.149174312	3.133761468
57	LY5290	Syncom	Pyrone	5	9	1	1.014852941	1.368235294	1.776029412	1.794117647	2.241470588	2.326323529
61	LJ9250	NB	None	6	1	1	1.07647619	1.931428571	5.165619048	6.095238095	9.111142857	9.255333333
62	LJ9250	NB	None	6	2	1	1.232481203	1.895037594	4.715338346	5.92481203	7.333308271	7.046015038
63	LJ9250	NB	None	6	3	1	1.125108696	1.835326087	5.0675	6.336956522	8.931630435	9.286630435
67	LJ9250	NB	DMSO	6	7	1	0.959677419	1.197580645	1.087016129	1.016129032	1.020080645	0.885645161
68	LJ9250	NB	DMSO	6	8	1	0.818015267	1.077709924	0.98221374	0.961832061	0.999389313	0.961908397
69	LJ9250	NB	DMSO	6	9	1	0.851386139	1.106435644	1.152970297	1.089108911	1.005742574	1.011782178
73	LJ9250	Syncom	None	7	1	1	1.370795455	2.049431818	7.518522727	7.927727273	11.70397727	11.74988636
74	LJ9250	Syncom	None	7	2	1	1.370689655	1.948275862	6.291551724	7.13137931	12.67362069	6.881206897
75	LJ9250	Syncom	None	7	3	1	0.992380952	2.182857143	4.085238095	4.657380952	8.039285714	20.5397619
79	LJ9250	Syncom	DMSO	7	7	1	1.262650602	1.608554217	5.234578313	6.411084337	10.76614458	10.86891566
80	LJ9250	Syncom	DMSO	7	8	1	0.994770642	1.668807339	4.984770642	6.000091743	8.703394495	8.781651376
81	LJ9250	Syncom	DMSO	7	9	1	1.309777778	1.908	2.538	2.700444444	3.495777778	3.913777778
85	LJ9250	Syncom	Methyl-Cytrate	8	1	1	1.246666667	2.496333333	13.0116	6.33997481	6.456533333	6.929266667
86	LJ9250	Syncom	Methyl-Cytrate	8	2	1	1.391304348	2.479021739	18.08684783	9.760152953	12.39369565	11.36413043
87	LJ9250	Syncom	Methyl-Cytrate	8	3	1	1.1	2.283428571	19.07628571	10.18840391	13.37328571	14.35928571
91	LJ9250	Syncom	Citrulline	8	7	1	1.1875	1.936875	8.866875	5.142052117	7.637083333	7.83875
92	LJ9250	Syncom	Citrulline	8	8	1	1.181818182	1.808636364	9.17875	4.091021617	6.211931818	6.239204545
93	LJ9250	Syncom	Citrulline	8	9	1	1.328358209	2.242537313	13.81432836	6.746268657	9.80641791	9.690746269
97	LJ9250	Syncom	Adrenaline	9	1	1	1.223802817	1.686619718	6.285633803	7.667183099	12.75	12.95633803
98	LJ9250	Syncom	Adrenaline	9	2	1	1.203589744	1.77025641	5.984230769	7.407307692	10.79576923	10.93666667
99	LJ9250	Syncom	Adrenaline	9	3	1	1.201025641	1.728461538	7.007179487	8.62	10.25038462	11.08397436
103	LJ9250	Syncom	Lysine	9	7	1	0.923723404	1.39393617	0.970638298	1.274574468	1.849787234	1.869468085
104	LJ9250	Syncom	Lysine	9	8	1	1.1477	1.4952	1.5574	1.5987	2.175	2.4103
105	LJ9250	Syncom	Lysine	9	9	1	1.011052632	1.531973684	1.285	1.410789474	1.707763158	1.632368421
108	LJ9250	Syncom	Glutaric_acid	10	1	1	0.852893082	1.06836478	0.921446541	1.018867925	0.99754717	1.064968553
109	LJ9250	Syncom	Glutaric_acid	10	2	1	1.039518072	1.247951807	1.048072289	1.265060241	1.143253012	1.223012048
110	LJ9250	Syncom	Glutaric_acid	10	3	1	0.823402062	1.116958763	0.976443299	1.046391753	1.001443299	1.084536082
114	LJ9250	Syncom	Pyrone	10	7	1	0.984793388	1.238677686	2.039669421	2.41322314	2.896280992	2.909008264
115	LJ9250	Syncom	Pyrone	10	8	1	0.779622642	1.135471698	1.759056604	2.254716981	2.617169811	2.643113208
116	LJ9250	Syncom	Pyrone	10	9	1	1.022706767	1.272255639	2.179548872	2.669172932	3.179473684	3.183759398
120	SP9509	NB	None	11	1	1	1.330541516	1.598519856	1.765559567	1.731588448	1.760649819	1.736281588
121	SP9509	NB	None	11	2	1	1.265753425	1.602009132	1.973013699	1.93260274	1.876255708	2.080182648
122	SP9509	NB	None	11	3	1	1.395271084	1.632680723	1.372018072	1.457349398	1.508343373	1.372349398
126	SP9509	NB	DMSO	11	7	1	0.981656442	0.992331288	1.007177914	1.188895706	0.998282209	1.013190184
127	SP9509	NB	DMSO	11	8	1	1.060043668	1.141877729	1.113187773	1.063537118	1.079694323	1.052620087
128	SP9509	NB	DMSO	11	9	1	0.963388158	0.83125	0.896414474	0.822796053	0.905164474	0.795164474
132	SP9509	Syncom	None	12	1	1	1.429044944	2.028370787	2.809438202	2.578651685	3.108988764	2.96247191
133	SP9509	Syncom	None	12	2	1	1.479512195	2.303089431	3.328617886	3.18699187	3.637398374	3.639756098
134	SP9509	Syncom	None	12	3	1	1.395159236	1.744522293	1.741592357	1.834394904	1.63866242	1.603089172
138	SP9509	Syncom	DMSO	12	7	1	1.369612676	1.965457746	2.213169014	2.211267606	2.414683099	2.31584507
139	SP9509	Syncom	DMSO	12	8	1	1.429577836	1.785593668	1.898205805	1.968337731	1.93	1.919525066
140	SP9509	Syncom	DMSO	12	9	1	1.507336957	2.000923913	2.709836957	2.945652174	3.01951087	3.092771739
144	SP9509	Syncom	Methyl-Cytrate	13	1	1	1.480825243	2.576553398	2.77407767	2.844660194	2.85684466	2.862087379
145	SP9509	Syncom	Methyl-Cytrate	13	2	1	1.332708333	2.1434375	2.31359375	2.291666667	2.374947917	2.605989583
146	SP9509	Syncom	Methyl-Cytrate	13	3	1	1.58280303	2.373636364	3.127424242	3.340909091	3.160681818	3.235681818
150	SP9509	Syncom	Citrulline	13	7	1	1.21693617	1.726042553	2.416468085	2.272340426	2.425148936	2.597148936
151	SP9509	Syncom	Citrulline	13	8	1	1.484304636	2.187086093	3.198278146	3.19205298	3.290066225	3.365430464
152	SP9509	Syncom	Citrulline	13	9	1	1.348091603	2.086335878	3.508167939	3.381679389	3.614351145	3.736030534
156	SP9509	Syncom	Adrenaline	14	1	1	1.353320611	1.646679389	2.141526718	1.993015267	2.166870229	2.171679389
157	SP9509	Syncom	Adrenaline	14	2	1	1.468953488	1.758914729	2.069767442	1.923294574	1.951589147	1.950271318
158	SP9509	Syncom	Adrenaline	14	3	1	1.526244131	1.944366197	2.216197183	2.05084507	2.4042723	2.221830986
162	SP9509	Syncom	Lysine	14	7	1	1.179196429	1.276294643	2.3565625	2.34375	2.798660714	2.811919643
163	SP9509	Syncom	Lysine	14	8	1	1.154194529	1.433829787	2.074711246	2.021367781	2.303708207	2.252340426
164	SP9509	Syncom	Lysine	14	9	1	1.175913978	1.218387097	1.762007168	1.845698925	2.238924731	2.166666667
168	SP9509	Syncom	Glutaric_acid	15	1	1	0.984195122	1.162585366	1.09204878	1.073170732	1.141463415	1.12102439
169	SP9509	Syncom	Glutaric_acid	15	2	1	0.872078652	1.168539326	0.955	1.061797753	1.134157303	1.066573034
170	SP9509	Syncom	Glutaric_acid	15	3	1	0.953923445	1.05354067	0.996411483	1.019138756	0.868373206	0.976220096
174	SP9509	Syncom	Pyrone	15	7	1	1.237125	1.5221875	1.4731875	1.53125	1.692625	1.73
175	SP9509	Syncom	Pyrone	15	8	1	1.215605381	1.603318386	1.72103139	1.802690583	1.932421525	1.975381166
176	SP9509	Syncom	Pyrone	15	9	1	1.038580442	1.201861199	1.393059937	1.539432177	1.442492114	1.625804416
180	LP8539	NB	None	16	1	1	1.432941176	2.587647059	7.438823529	9.738823529	14.22	13.87882353
181	LP8539	NB	None	16	2	1	1.553939394	3.141515152	8.033030303	7.241212121	9.090909091	8.66
182	LP8539	NB	None	16	3	1	1.270217391	2.212608696	6.859565217	5.38673913	6.567608696	6.392826087
186	LP8539	NB	DMSO	16	7	1	0.985483871	1.541290323	1.247419355	1.228709677	1.273225806	1.182258065
187	LP8539	NB	DMSO	16	8	1	1.315217391	1.805217391	1.674782609	1.402173913	1.459565217	1.60673913
188	LP8539	NB	DMSO	16	9	1	1.108571429	1.556428571	1.496428571	1.219285714	1.55	1.343571429
192	LP8539	Syncom	None	17	1	1	1.572857143	2.992142857	8.665357143	8.858214286	9.579285714	10.21357143
193	LP8539	Syncom	None	17	2	1	1.028043478	1.749130435	4.101521739	4.238478261	6.334347826	6.258478261
194	LP8539	Syncom	None	17	3	1	1.359090909	2.482424242	7.296060606	8.536666667	8.345454545	8.806969697
198	LP8539	Syncom	DMSO	17	7	1	1.036833333	1.0945	1.370333333	1.158666667	1.263	1.297333333
199	LP8539	Syncom	DMSO	17	8	1	1.1159375	1.5959375	1.6196875	1.3084375	1.3871875	1.58375
200	LP8539	Syncom	DMSO	17	9	1	1.06972973	1.327837838	1.228108108	1.209459459	1.221891892	1.417567568
204	LP8539	Syncom	Methyl-Cytrate	18	1	1	1.420357143	2.578571429	5.171785714	6.196428571	6.231428571	6.068035714
205	LP8539	Syncom	Methyl-Cytrate	18	2	1	1.0712	2.3182	4.9472	5.72	5.5798	5.2786
206	LP8539	Syncom	Methyl-Cytrate	18	3	1	1.162142857	2.360714286	5.851904762	6.761904762	5.813333333	5.921428571
210	LP8539	Syncom	Citrulline	18	7	1	0.776060606	0.930606061	3.264848485	4.484848485	6.771212121	6.272424242
211	LP8539	Syncom	Citrulline	18	8	1	0.803181818	1.716590909	5.725227273	7.318181818	7.103181818	7.3925
212	LP8539	Syncom	Citrulline	18	9	1	0.957241379	1.586896552	3.694137931	4.689655172	6.936896552	6.479310345
216	LP8539	Syncom	Adrenaline	19	1	1	1.384693878	1.994693878	4.669591837	6.637959184	5.961428571	6.324489796
217	LP8539	Syncom	Adrenaline	19	2	1	1.509361702	2.602978723	4.542978723	5.366382979	5.984255319	6.221489362
218	LP8539	Syncom	Adrenaline	19	3	1	1.203548387	2.504193548	13.39096774	8.241935484	9.72483871	9.928709677
222	LP8539	Syncom	Lysine	19	7	1	1.1804	1.4148	1.3784	1.7436	1.4892	1.58
223	LP8539	Syncom	Lysine	19	8	1	1.08974359	1.505897436	1.275641026	1.39974359	1.998717949	2.192564103
224	LP8539	Syncom	Lysine	19	9	1	0.979545455	1.236666667	1.066666667	1.083787879	1.414393939	1.436969697
228	LP8539	Syncom	Glutaric_acid	20	1	1	1.133396226	1.575660377	1.388301887	1.905660377	1.025283019	1.120943396
229	LP8539	Syncom	Glutaric_acid	20	2	1	1.04975	1.35425	1.0995	1.525	1.097	1.18825
230	LP8539	Syncom	Glutaric_acid	20	3	1	0.708529412	1.457058824	0.684411765	1.088235294	0.847058824	1.037647059
234	LP8539	Syncom	Pyrone	20	7	1	1.168064516	1.676129032	3.704516129	4.516129032	3.949354839	4.481612903
235	LP8539	Syncom	Pyrone	20	8	1	1.083947368	1.481578947	2.390789474	3.315789474	2.382368421	2.582894737
236	LP8539	Syncom	Pyrone	20	9	1	1.1585	2.195	5.20975	8.175	5.979	6.6745
240	LP0049	NB	None	21	1	1	1.044920635	1.357460317	2.636507937	3.925873016	5.295714286	5.73031746
241	LP0049	NB	None	21	2	1	1.061538462	1.723384615	4.028615385	5.253846154	6.607692308	8.182
242	LP0049	NB	None	21	3	1	0.859736842	1.467894737	2.253947368	2.713684211	4.289210526	4.443421053
246	LP0049	NB	DMSO	21	7	1	1.021666667	1.091666667	1.139871795	1.282307692	1.127179487	1.248461538
247	LP0049	NB	DMSO	21	8	1	0.932608696	1.281304348	0.669565217	0.709565217	0.74	0.707826087
248	LP0049	NB	DMSO	21	9	1	1.258070175	1.314385965	1.130877193	0.894561404	0.816491228	0.84877193
252	LP0049	Syncom	None	22	1	1	1	1.633404255	2.694680851	3.06212766	3.524893617	4.875531915
253	LP0049	Syncom	None	22	2	1	0.925925926	1.470555556	3.044444444	3.644444444	6.042592593	6.242592593
254	LP0049	Syncom	None	22	3	1	1.01754386	1.444912281	2.399473684	3.109298246	2.439122807	4.928947368
258	LP0049	Syncom	DMSO	22	7	1	0.857142857	1.152653061	1.075102041	0.864897959	2.051428571	1.07755102
259	LP0049	Syncom	DMSO	22	8	1	0.935897436	0.991666667	1.198846154	0.970897436	1.055384615	1.073974359
260	LP0049	Syncom	DMSO	22	9	1	1.086956522	1.204130435	0.968478261	0.815434783	2.280652174	0.709130435
264	LP0049	Syncom	Methyl-Cytrate	23	1	1	0.980454545	1.403030303	1.397727273	1.140151515	1.569393939	1.618030303
265	LP0049	Syncom	Methyl-Cytrate	23	2	1	0.900515464	1.243195876	1.194948454	1.076701031	1.376701031	1.355773196
266	LP0049	Syncom	Methyl-Cytrate	23	3	1	0.878363636	1.226909091	1.074181818	1.072727273	1.593272727	1.522909091
270	LP0049	Syncom	Citrulline	23	7	1	0.994651163	1.134418605	1.550930233	1.465116279	1.858837209	1.795348837
271	LP0049	Syncom	Citrulline	23	8	1	1.17260274	1.519041096	1.688493151	1.625342466	1.89739726	1.865342466
272	LP0049	Syncom	Citrulline	23	9	1	1.174181818	1.588181818	1.885272727	1.711454545	1.892181818	2.133454545
276	LP0049	Syncom	Adrenaline	24	1	1	1.077638889	1.459305556	2.911527778	3.498194444	5.520833333	5.681944444
277	LP0049	Syncom	Adrenaline	24	2	1	1.166708861	1.742025316	4.085316456	4.406582278	7.568227848	7.861139241
278	LP0049	Syncom	Adrenaline	24	3	1	1.128478261	1.767065217	3.38173913	4.057282609	6.176413043	6.325434783
282	LP0049	Syncom	Lysine	24	7	1	1.023181818	1.233030303	1.15969697	0.901666667	0.918939394	0.917424242
283	LP0049	Syncom	Lysine	24	8	1	1.147586207	1.478793103	2.912068966	3.198448276	5.949655172	5.757413793
284	LP0049	Syncom	Lysine	24	9	1	1.167659574	1.447446809	1.231702128	1.133617021	1.205106383	1.153829787
288	LP0049	Syncom	Glutaric_acid	25	1	1	0.864583333	1.142604167	0.8365625	0.826770833	0.819166667	0.96
289	LP0049	Syncom	Glutaric_acid	25	2	1	0.529904762	1.080190476	0.798380952	0.802	0.958571429	0.962380952
290	LP0049	Syncom	Glutaric_acid	25	3	1	0.885230769	1.142307692	1.060461538	1.259846154	0.849230769	0.818153846
294	LP0049	Syncom	Pyrone	25	7	1	0.9331	1.1943	1.3186	1.3884	1.6043	1.5053
295	LP0049	Syncom	Pyrone	25	8	1	0.883589744	1.308589744	1.25525641	1.190769231	1.265384615	1.206282051
296	LP0049	Syncom	Pyrone	25	9	1	0.820135135	1.217702703	1.381621622	1.441621622	1.662972973	1.573378378
300	SP7498	NB	None	26	1	1	1.123707865	1.206179775	3.858651685	5.490898876	8.437865169	8.573370787
301	SP7498	NB	None	26	2	1	1.232317073	1.211402439	4.236585366	5.785426829	5.852195122	6.047560976
302	SP7498	NB	None	26	3	1	1.26202381	1.100833333	2.026309524	2.812261905	4.458095238	4.578571429
306	SP7498	NB	DMSO	26	7	1	1.073673469	0.752346939	1.059489796	1.001530612	0.985204082	0.979795918
307	SP7498	NB	DMSO	26	8	1	1.130898876	0.762359551	1.105393258	1.065393258	1.119101124	1.095955056
308	SP7498	NB	DMSO	26	9	1	1.005511811	0.662047244	0.944409449	1.051023622	0.971889764	1.002125984
312	SP7498	Syncom	None	27	1	1	1.145036496	1.679781022	3.30080292	4.00729927	5.397956204	5.401459854
313	SP7498	Syncom	None	27	2	1	1.056080402	1.488743719	4.305879397	5.206030151	4.342512563	4.51201005
314	SP7498	Syncom	None	27	3	1	1.122755102	1.705102041	4.637857143	6.142857143	8.264591837	7.904591837
318	SP7498	Syncom	DMSO	27	7	1	0.976575342	1.107534247	0.994246575	1.082191781	0.941438356	0.774383562
319	SP7498	Syncom	DMSO	27	8	1	1.061833333	1.157	1.0755	1.266666667	1.172833333	1.071333333
320	SP7498	Syncom	DMSO	27	9	1	0.952033898	1.078474576	1.03440678	1.093220339	1.03779661	1.028898305
324	SP7498	Syncom	Methyl-Cytrate	28	1	1	1.589312977	2.135496183	5.445038168	6.437480916	6.523740458	6.120152672
325	SP7498	Syncom	Methyl-Cytrate	28	2	1	1.527118644	2.182711864	5.604152542	7.34059322	7.641355932	7.751525424
326	SP7498	Syncom	Methyl-Cytrate	28	3	1	1.39256	2.12552	5.34368	6.8392	7.26952	7.12392
330	SP7498	Syncom	Citrulline	28	7	1	1.459333333	2.060761905	5.079809524	6.463142857	8.952857143	9.004666667
331	SP7498	Syncom	Citrulline	28	8	1	1.082202166	1.670613718	3.640577617	3.572490975	3.484259928	3.353718412
332	SP7498	Syncom	Citrulline	28	9	1	1.138174603	1.67	3.816111111	4.834047619	7.141587302	6.997063492
336	SP7498	Syncom	Adrenaline	29	1	1	1.432608696	1.883043478	4.433152174	5.478913043	9.154891304	9.517391304
337	SP7498	Syncom	Adrenaline	29	2	1	1.174649682	1.692738854	3.821464968	4.738025478	5.546433121	5.534012739
338	SP7498	Syncom	Adrenaline	29	3	1	1.383580247	1.912469136	2.970246914	3.139135802	4.900493827	4.877654321
342	SP7498	Syncom	Lysine	29	7	1	1.319884393	1.501445087	3.876242775	5.04	6.783179191	7.12150289
343	SP7498	Syncom	Lysine	29	8	1	1.327545455	1.503818182	2.422727273	2.445454545	4.847909091	5.134363636
344	SP7498	Syncom	Lysine	29	9	1	1.311826923	1.654903846	2.470384615	2.710480769	3.682980769	4.033846154
348	SP7498	Syncom	Glutaric_acid	30	1	1	1.068671329	1.176433566	1.047832168	1.06993007	1.036153846	1.012377622
349	SP7498	Syncom	Glutaric_acid	30	2	1	1.079492754	1.175942029	0.99826087	1.115942029	1.049057971	1.128913043
350	SP7498	Syncom	Glutaric_acid	30	3	1	1.059663866	1.000756303	0.906722689	1.100840336	1.058067227	0.909579832
354	SP7498	Syncom	Pyrone	30	7	1	1.231538462	1.490989011	1.76032967	1.637362637	1.616483516	1.553846154
355	SP7498	Syncom	Pyrone	30	8	1	1.214108527	1.560775194	2.759302326	2.984496124	3.681395349	3.567286822
356	SP7498	Syncom	Pyrone	30	9	1	1.169803922	1.232026144	1.705947712	1.712418301	1.785686275	1.757385621