"Observed" "Chao1" "se.chao1" "Shannon" "Simpson"
"P01.bc10" 106 106 0.248817960281187 1.8080281697068 0.679332239102711
"P01.bc11" 2 2 0 0.00812770736679667 0.0020618534742125
"P01.bc12" 199 199.2 0.621378180638405 4.0643351053604 0.96022889025471
"P01.bc13" 233 233.142857142857 0.48690708032574 3.64660184209162 0.917867243882317
"P01.bc14" 111 116 6.03666062916611 2.20416215931615 0.790688229230077
"P01.bc15" 59 59 0 2.09611986031588 0.778310475172008
"P01.bc16" 85 85 0.248525060873854 2.29289813676708 0.795530792400816
"P01.bc17" 95 98 4.17567054373258 2.93408314222432 0.903453642257329
"P01.bc18" 90 90 0 2.55801324867193 0.877893129650037
"P01.bc19" 72 72 0.248257818496104 2.54270697570415 0.833104212910257
"P01.bc1" 5 5 0.447213595499958 0.0153155329577829 0.00377279240894346
"P01.bc21" 79 79 0 2.429717876284 0.858905623238016
"P01.bc22" 87 88.5 2.59317879660976 1.76138101589086 0.658459423269438
"P01.bc23" 47 47 0 2.77508282486452 0.900088984146446
"P01.bc24" 37 37 0.246598480958036 2.92615820699639 0.919549388541375
"P01.bc25" 92 92 0.497275184073821 2.81278410608689 0.88542154529058
"P01.bc26" 49 49 0 2.24486711284074 0.831186163297336
"P01.bc27" 95 95 0 2.86224470115932 0.898489016440614
"P01.bc28" 46 46 0.24726767752342 1.97098664477109 0.719886351971808
"P01.bc29" 57 57 0 1.547137025374 0.564695066740428
"P01.bc2" 171 186.6 11.6483004478171 2.8539105643731 0.889648302751652
"P01.bc30" 1 1 0 0 0
"P01.bc31" 103 103.333333333333 0.925263801491046 3.01776937888513 0.905975615407883
"P01.bc32" 89 89 0 2.76477466327555 0.883982046810443
"P01.bc33" 118 128.5 10.5649740673038 2.58897869008137 0.87771310147025
"P01.bc34" 50 50 0.247487373415292 1.97359727803865 0.726354141235352
"P01.bc35" 90 90 0.248607231502938 2.39073557008506 0.806059536507461
"P01.bc36" 2 2 0 0.00622228434694761 0.00151998696083044
"P01.bc37" 73 73 0.496563533161421 1.84668948662591 0.704319722175509
"P01.bc38" 28 28 0 2.64983249552467 0.904704223752616
"P01.bc39" 1 1 0 0 0
"P01.bc40" 70 70 0.124103931099243 2.66243529747129 0.901633463147991
"P01.bc42" 64 64 0 2.13559675469534 0.792315258505682
"P01.bc43" 67 67 0 2.69120495195601 0.895563095246668
"P01.bc44" 108 109 1.81636574114536 3.97680498598844 0.96999885510348
"P01.bc45" 62 62 0.247975675185835 1.63030768808871 0.578146954570636
"P01.bc46" 202 202 0 2.99837241757118 0.761288987242282
"P01.bc47" 2 2 0 0.00557956882537767 0.00134273185453049
"P01.bc49" 1 1 0 0 0
"P01.bc4" 3 3 0 0.0112502549771894 0.00273483095947313
"P01.bc50" 61 61 0 2.01357223297053 0.750034463151235
"P01.bc52" 1 1 0 0 0
"P01.bc53" 114 114 0 2.39150242583848 0.824740755035568
"P01.bc54" 83 84.5 2.59294673702818 1.92551781626753 0.685627677467213
"P01.bc55" 88 89 2.33560616966459 2.40412511861867 0.835718141027941
"P01.bc56" 94 97.3333333333333 4.12475752507009 3.31405107796911 0.935748894977381
"P01.bc5" 122 128 7.3824115301167 2.44131739394918 0.823971128578182
"P01.bc64" 280 280 0.0831843907060865 3.68314723464557 0.903884178324606
"P01.bc6" 147 147.333333333333 0.925572246847843 3.24800865546155 0.857565266979101
"P01.bc73" 106 106 0.248817960281187 2.72114902027485 0.876218928130493
"P01.bc74" 195 197 2.58570847638961 3.4765672242066 0.916093921539486
"P01.bc75" 71 77 7.35994776943635 2.47361973180744 0.820875243604104
"P01.bc76" 75 75.5 1.29616729972414 2.01350490793105 0.742644727646844
"P01.bc77" 87 87 0 2.39551769937152 0.82865464195509
"P01.bc78" 3 3 0 0.477944173086005 0.257489812899467
"P01.bc79" 82 82 0.496941867336809 2.60790159441043 0.876903521740605
"P01.bc7" 148 148.25 0.736417017176534 2.62951375170688 0.845510433966874
"P01.bc80" 100 100 0 2.28755286735172 0.7370500399811
"P01.bc81" 100 105 6.03560862122217 1.95855080577389 0.666002855637847
"P01.bc82" 49 49 0.164957219768465 2.78685525323394 0.904005606342819
"P01.bc83" 161 161 0.249222393139613 2.95465565609787 0.811710263334147
"P01.bc84" 319 319.666666666667 1.1468330529641 3.7601304850534 0.938787689176097
"P01.bc85" 78 78 0.49678453256404 2.61657480275312 0.877991128952609
"P01.bc86" 1 1 0 0 0
"P01.bc88" 109 109 0.124425284312099 2.87138417648279 0.902176311212948
"P01.bc89" 181 181.166666666667 0.543429844600143 3.11527687822254 0.914591758135669
"P01.bc8" 160 160 0 2.91460343332529 0.884835467806696
"P01.bc91" 93 93 0 2.3552655535233 0.781933535307708
"P01.bc92" 135 135.5 1.29743928894075 3.05028207194911 0.895665970144656
"P01.bc93" 80 80 0 2.68984597577846 0.882027472396707
"P01.bc94" 102 102 0.248771491336851 2.89127366373844 0.906201768787495
"P01.bc95" 2 2 0 0.00558253776206872 0.00134354366265654
"P01.bc9" 71 72 2.33333333333333 2.58258496317158 0.88014065221609
"P02.bc10" 121 121 0 2.91860642437735 0.88991656363027
"P02.bc12" 216 216 0 3.86416411229562 0.955251009104487
"P02.bc13" 18 18 0 2.24182850851244 0.843008809467202
"P02.bc14" 109 109 0 2.16707704218532 0.749120442403438
"P02.bc17" 93 94 2.33611789268235 1.52032935793088 0.479151229454824
"P02.bc18" 46 46 0 2.76277814985722 0.895886546127751
"P02.bc19" 197 199.5 3.16103905698735 1.79015882088078 0.565912223920483
"P02.bc1" 1 1 0 0 0
"P02.bc20" 43 43 0 2.75659594159354 0.896546147736924
"P02.bc22" 2 2 0 0.00525132090065907 0.00125339411751546
"P02.bc24" 87 87 0 1.95648433057077 0.695570625986838
"P02.bc25" 39 39 0 0.142989669454923 0.0380992289784282
"P02.bc26" 99 99 0 2.58820568625849 0.88028929163536
"P02.bc27" 108 108 0 2.19231576781943 0.754930657222492
"P02.bc29" 88 88 0 2.73872115148216 0.880140496821024
"P02.bc2" 128 128 0 2.22759066079552 0.746523717261184
"P02.bc30" 227 228 1.81728086618131 3.38166056713569 0.910391252750849
"P02.bc31" 86 86.5 1.29653272609163 2.57866110794845 0.851273121463554
"P02.bc32" 91 91.5 1.29666975711489 2.11518190086113 0.798194494253387
"P02.bc33" 243 243 0 3.03934056646658 0.837345111298431
"P02.bc34" 68 68 0 2.53725264699958 0.883104540293063
"P02.bc35" 73 73 0 2.38507157898026 0.7553131089091
"P02.bc36" 28 28 0 2.12056723489088 0.781682888218697
"P02.bc37" 54 54 0 2.49601033285572 0.874886443023053
"P02.bc38" 92 92 0 2.51899232893545 0.845109078801254
"P02.bc39" 298 298.333333333333 0.758715797688759 3.87479728787993 0.942468798898072
"P02.bc3" 44 44 0 2.78306142319663 0.89668302860201
"P02.bc40" 124 124 0.24898989485908 2.68837469579292 0.883987194642386
"P02.bc43" 77 77.3333333333333 0.924916435653339 2.81840293667835 0.876904229043338
"P02.bc45" 75 75 0 2.78039237210981 0.895153600291844
"P02.bc46" 81 81 0.496903994999953 2.35541674423965 0.828284194826227
"P02.bc47" 84 87 4.63866806091041 2.24200704949218 0.783199187973332
"P02.bc48" 1 1 0 0 0
"P02.bc49" 123 123.2 0.621234631626785 1.96747510457719 0.708879235674973
"P02.bc4" 1 1 0 0 0
"P02.bc50" 35 35 0 2.2567904000971 0.805540671852824
"P02.bc51" 57 57 0 2.88698248331338 0.923279713540018
"P02.bc52" 49 49 0.494871659305394 1.52210726769029 0.567576642820336
"P02.bc54" 78 78 0 2.75953420173895 0.897043627935284
"P02.bc55" 1 1 0 0 0
"P02.bc56" 1 1 0 0 0
"P02.bc57" 136 139.333333333333 4.12617664997816 3.34284778454339 0.938634904959231
"P02.bc58" 10 10 0.158113883008419 0.0484324725537884 0.012536888412939
"P02.bc59" 6 6 0 0.0304347068915012 0.00763118555409548
"P02.bc5" 74 74 0 2.33713145238587 0.852594521475653
"P02.bc60" 102 103 1.81626357571892 2.48152855580219 0.82836503832107
"P02.bc61" 45 45 0 2.58349580412351 0.871230780597153
"P02.bc62" 83 83 0.248489412152323 2.27507467664485 0.846515076234835
"P02.bc63" 55 55 0 2.53068520184012 0.874593711241156
"P02.bc64" 118 118 0 3.13298982727961 0.922482677892059
"P02.bc65" 115 115 0 2.83886277590885 0.890369091257458
"P02.bc66" 66 66 0.496197663448873 2.39753048282026 0.815285090509433
"P02.bc67" 59 59 0.165248201154911 2.83819348792034 0.91537599534918
"P02.bc68" 63 63 0 1.84515810860344 0.687465084158129
"P02.bc69" 70 70 0 2.51098676787836 0.869339250174141
"P02.bc6" 68 68 0 2.6172154300094 0.883626226557195
"P02.bc70" 26 26 0 2.49759016331822 0.877954856494468
"P02.bc71" 80 80 0.496865172858795 2.90980322234592 0.902225709794459
"P02.bc72" 70 71 2.33316565460556 2.02236781052128 0.743180720628532
"P02.bc73" 118 118 0 2.83024407961448 0.903864588601134
"P02.bc74" 110 110 0 2.87188833920753 0.910488519815593
"P02.bc75" 36 36 0 0.474212396231986 0.157498793513643
"P02.bc76" 1 1 0 0 0
"P02.bc77" 85 85 0.248525060873854 1.9960705395508 0.676818601202462
"P02.bc78" 63 63 0 2.22840751886233 0.811597114847872
"P02.bc79" 5 5 0 0.0110411679678984 0.0024341762116864
"P02.bc7" 112 113 1.81642782116398 2.85535038762961 0.875752033771568
"P02.bc81" 4 4 0 0.058929214297686 0.0178711435338369
"P02.bc82" 77 77 0 2.10860740087727 0.76663874940386
"P02.bc83" 1 1 0 0 0
"P02.bc85" 100 100 0 2.72467338678018 0.886670096824093
"P02.bc86" 47 47 0 2.45847563465621 0.858266177492483
"P02.bc87" 114 114 0.124450546790648 2.76797578641269 0.876010569937065
"P02.bc88" 65 65 0.496138938356834 2.50559024404433 0.855252659040768
"P02.bc89" 262 264.625 2.82799234768249 3.33115356544649 0.869128215851706
"P02.bc8" 5 5 0 0.0149934428086416 0.00352090378542913
"P02.bc92" 76 76 0 2.63429854645542 0.876811005204237
"P02.bc93" 51 51 0 2.61275943717308 0.870941145022911
"P02.bc94" 1 1 0 0 0
"P02.bc95" 3 3 0 0.0515540609276024 0.0167271973375707
"P02.bc9" 79 79 0.49682536472887 1.80972328485652 0.598792043268156
"P03.bc10" 112 113.5 2.59425831625414 3.25669181020738 0.92928087872819
"P03.bc11" 81 81 0 2.65044216945008 0.888818055891272
"P03.bc12" 2 2 0 0.0510180467801919 0.0176977040816326
"P03.bc13" 55 55 0 1.81349785412215 0.772959019054489
"P03.bc14" 86 86 0 2.83996430665594 0.897603507140733
"P03.bc15" 78 78 0.49678453256404 2.94282224917804 0.899950039638434
"P03.bc16" 88 88 0 1.89487629556975 0.704909188027928
"P03.bc18" 84 84 0 2.14870771935592 0.736437748566747
"P03.bc19" 76 76 0 2.70483627920039 0.866593985282975
"P03.bc1" 141 141.75 1.42306416128819 2.58106971601606 0.862466129724021
"P03.bc20" 85 85 0 2.75336050901076 0.892099558068394
"P03.bc21" 75 75 0 2.80857516290068 0.903955045764688
"P03.bc22" 67 67 0 2.47471580484285 0.838111442642596
"P03.bc23" 56 59 4.62674612022498 2.67279499416137 0.853611805505157
"P03.bc24" 194 195 1.81713904310988 3.1282931719549 0.877870064419268
"P03.bc25" 127 127 0 2.98583404809417 0.888812301857081
"P03.bc26" 1 1 0 0 0
"P03.bc27" 40 40 0 3.04164655069705 0.922599739895044
"P03.bc28" 68 68.5 1.29587357453105 2.36486415546398 0.834588032663654
"P03.bc29" 97 97 0 2.49119474956439 0.844947242276647
"P03.bc2" 3 3 0 0.00707020958721837 0.00162041430770088
"P03.bc31" 106 106 0.497635920562375 2.7641638505341 0.874971626686933
"P03.bc32" 118 119 2.33803048624731 2.84473809897965 0.883023222818494
"P03.bc33" 91 91.5 1.29666975711489 2.62852380944932 0.868696203749577
"P03.bc34" 131 131.5 1.29739062485439 2.83984159533263 0.894737036927945
"P03.bc35" 2 2 0 0.00975940167405714 0.00254303187179072
"P03.bc36" 44 44 0 1.40687836293251 0.52722771090249
"P03.bc37" 1 1 0 0 0
"P03.bc38" 82 82 0 2.54715767969898 0.881935274793006
"P03.bc39" 97 97 0.497416003373807 2.57654898245608 0.849618390299741
"P03.bc3" 129 129 0.124514561272938 2.39247359604561 0.810812273382876
"P03.bc40" 130 131 1.81666024697141 2.90205184779902 0.875374540719746
"P03.bc41" 92 92 0 1.4972565740784 0.541287333613363
"P03.bc42" 91 98.5 8.16441532903457 2.82933511396548 0.901263357423111
"P03.bc43" 144 144 0 2.65225814065223 0.854409099051152
"P03.bc44" 64 64 0.165359456941537 2.47656897845581 0.829960496502665
"P03.bc45" 49 49 0.247435829652697 2.7306285894963 0.882861806711021
"P03.bc46" 84 84 0 2.77522333667913 0.899757241855409
"P03.bc47" 36 36 0 3.11734480807857 0.944323392384399
"P03.bc48" 88 88 0.248575486979856 1.76929369390283 0.587531990674167
"P03.bc49" 96 96 0.124347254024097 2.2922081084756 0.806433315776678
"P03.bc4" 85 85.3333333333333 0.925045878074817 2.43790998500168 0.828628929906058
"P03.bc50" 1 1 0 0 0
"P03.bc51" 113 113 0 3.14393200753675 0.926317783674103
"P03.bc52" 63 63 0 2.68276012923883 0.882920861539615
"P03.bc53" 82 82 0.124235466834202 2.21147977745309 0.749733564805816
"P03.bc54" 86 86 0 2.22693042904552 0.770361643680059
"P03.bc55" 85 85.5 1.29650339476284 3.11707742774012 0.911698642522767
"P03.bc56" 73 73 0.496563533161421 2.52210772294494 0.847745054735449
"P03.bc57" 2 2 0 0.00874955149685696 0.00224349103841481
"P03.bc58" 1 1 0 0 0
"P03.bc59" 113 113 0.248891347087172 3.05165610192781 0.914114610612039
"P03.bc5" 87 87 0.248559065808114 3.05668062336694 0.927915488560547
"P03.bc60" 66 66 0.165399221149624 2.38212323028141 0.833153520268803
"P03.bc61" 1 1 0 0 0
"P03.bc62" 8 8 0 0.0907147101828598 0.0258466540661433
"P03.bc63" 90 90 0.165738154335292 2.87066533823195 0.867867646874983
"P03.bc64" 86 87 2.33538497650939 2.3318964982455 0.812446484178627
"P03.bc66" 181 183 2.8850682315446 3.29852802309023 0.906448741564193
"P03.bc67" 50 50 0 2.99119172558977 0.889236159534939
"P03.bc68" 24 24 0 2.66857766046643 0.903949223891879
"P03.bc69" 99 99 0.165822779387697 2.34579469580846 0.794095571084645
"P03.bc6" 8 8 0 0.296396508165469 0.104857865495474
"P03.bc70" 90 90 0.124303615751469 2.2879226970046 0.81894765928034
"P03.bc71" 92 92.3333333333333 0.925140728710536 2.88620431024029 0.894629095801832
"P03.bc72" 54 54.5 1.29505941913202 2.88916439691589 0.898294358725663
"P03.bc73" 104 104 0 2.5973518617204 0.85366919089425
"P03.bc74" 122 122 0 3.0212872887816 0.915663644809131
"P03.bc75" 183 183.5 1.29785769824917 2.22487463171633 0.772124907413512
"P03.bc76" 89 89 0 2.98198789149163 0.922845447476003
"P03.bc77" 97 97 0 3.01008747126539 0.924172711864655
"P03.bc78" 119 119 0 2.88392901798015 0.856118287968959
"P03.bc79" 126 126 0 4.05611361694673 0.966348634397979
"P03.bc7" 80 80 0 2.41684386942478 0.866173856304978
"P03.bc80" 81 81 0 2.89020435079665 0.911819663172995
"P03.bc81" 107 107 0.248829033375262 3.05308119603083 0.913914263229549
"P03.bc82" 114 114 0 2.54622303144085 0.833635250023016
"P03.bc83" 110 110 0.165907361275058 2.81803723526147 0.870345723183391
"P03.bc84" 142 142.25 0.736398152208742 2.44790952945814 0.796260147065027
"P03.bc85" 70 70 0 2.14854021196884 0.824304736946164
"P03.bc86" 2 2 0 0.0097716060495957 0.00254668516415002
"P03.bc87" 103 103 0.16585563184555 2.82463165415696 0.896214047333266
"P03.bc88" 71 71.5 1.29600650736517 2.58348251111182 0.880003513830411
"P03.bc89" 1 1 0 0 0
"P03.bc8" 2 2 0 0.00720777220875785 0.00179734745617743
"P03.bc91" 253 253 0 3.84134474657176 0.93544216715714
"P03.bc92" 9 9 0 0.211636920466647 0.0656901497889689
"P03.bc93" 330 330.6 1.05933730383244 3.99608213221465 0.95528867285484
"P03.bc94" 117 117 0.0995717325074236 1.82704933619724 0.64003339754411
"P03.bc95" 78 78 0.49678453256404 2.6624794176541 0.879822955519304
"P03.bc9" 94 94 0 2.58909295636898 0.848143322783572
"P04.bc11" 1 1 0 0 0
"P04.bc12" 4 4 0 0.0178417277541592 0.00433997628651428
"P04.bc13" 87 87 0.165706043872076 2.54939687586402 0.861747112007037
"P04.bc15" 3 3 0 0.0299724533047081 0.00833825568470414
"P04.bc16" 77 77 0 2.14851478676175 0.694870218170261
"P04.bc17" 4 4 0 0.0531021759928948 0.0165286960969636
"P04.bc21" 183 183 0 2.3616862885078 0.668798612408982
"P04.bc22" 55 55 0 3.53098255795964 0.952848448279662
"P04.bc23" 149 149 0 2.91496576359845 0.881169441206954
"P04.bc9" 62 62 0.247975675185835 1.80888319797967 0.656001483822017
