	Species	Microbiome	Compound	Placa 	Well	Verde	Amarillo	Blanco	Total	Healthy	Stressed	Dead
1	LY5290	NB	None	1	1	10	0	0	10	100	0	0
2	LY5290	NB	None	1	2	11	0	1	12	91.66666667	0	8.333333333
3	LY5290	NB	None	1	3	14	0	0	14	100	0	0
4	LY5290	NB	None	1	4	10	0	0	10	100	0	0
5	LY5290	NB	None	1	5	13	2	6	21	61.9047619	9.523809524	28.57142857
6	LY5290	NB	None	1	6	14	0	2	16	87.5	0	12.5
7	LY5290	NB	DMSO	1	7	0	5	5	10	0	50	50
8	LY5290	NB	DMSO	1	8	6	3	5	14	42.85714286	21.42857143	35.71428571
9	LY5290	NB	DMSO	1	9	0	4	5	9	0	44.44444444	55.55555556
10	LY5290	NB	DMSO	1	10	1	5	2	8	12.5	62.5	25
11	LY5290	NB	DMSO	1	11	1	5	6	12	8.333333333	41.66666667	50
12	LY5290	NB	DMSO	1	12	0	2	4	6	0	33.33333333	66.66666667
13	LY5290	Syncom	None	2	1	10	0	0	10	100	0	0
14	LY5290	Syncom	None	2	2	9	0	1	10	90	0	10
15	LY5290	Syncom	None	2	3	12	0	0	12	100	0	0
16	LY5290	Syncom	None	2	4	10	2	2	14	71.42857143	14.28571429	14.28571429
17	LY5290	Syncom	None	2	5	12	1	3	16	75	6.25	18.75
18	LY5290	Syncom	None	2	6	16	0	1	17	94.11764706	0	5.882352941
19	LY5290	Syncom	DMSO	2	7	16	0	1	17	94.11764706	0	5.882352941
20	LY5290	Syncom	DMSO	2	8	14	3	3	20	70	15	15
21	LY5290	Syncom	DMSO	2	9	14	0	1	15	93.33333333	0	6.666666667
22	LY5290	Syncom	DMSO	2	10	10	0	0	10	100	0	0
23	LY5290	Syncom	DMSO	2	11	12	0	1	13	92.30769231	0	7.692307692
24	LY5290	Syncom	DMSO	2	12	7	0	0	7	100	0	0
25	LY5290	Syncom	Methyl-Cytrate	3	1	20	0	0	20	100	0	0
26	LY5290	Syncom	Methyl-Cytrate	3	2	20	0	0	20	100	0	0
27	LY5290	Syncom	Methyl-Cytrate	3	3	14	1	0	15	93.33333333	6.666666667	0
28	LY5290	Syncom	Methyl-Cytrate	3	4	6	2	1	9	66.66666667	22.22222222	11.11111111
29	LY5290	Syncom	Methyl-Cytrate	3	5	10	0	0	10	100	0	0
30	LY5290	Syncom	Methyl-Cytrate	3	6	7	5	2	14	50	35.71428571	14.28571429
31	LY5290	Syncom	Citrulline	3	7	20	0	0	20	100	0	0
32	LY5290	Syncom	Citrulline	3	8	15	2	2	19	78.94736842	10.52631579	10.52631579
33	LY5290	Syncom	Citrulline	3	9	10	2	1	13	76.92307692	15.38461538	7.692307692
34	LY5290	Syncom	Citrulline	3	10	9	2	2	13	69.23076923	15.38461538	15.38461538
35	LY5290	Syncom	Citrulline	3	11	2	1	0	3	66.66666667	33.33333333	0
36	LY5290	Syncom	Citrulline	3	12	11	0	1	12	91.66666667	0	8.333333333
37	LY5290	Syncom	Adrenaline	4	1	9	3	2	14	64.28571429	21.42857143	14.28571429
38	LY5290	Syncom	Adrenaline	4	2	10	0	3	13	76.92307692	0	23.07692308
39	LY5290	Syncom	Adrenaline	4	3	10	0	0	10	100	0	0
40	LY5290	Syncom	Adrenaline	4	4	1	6	9	16	6.25	37.5	56.25
41	LY5290	Syncom	Adrenaline	4	5	0	6	3	9	0	66.66666667	33.33333333
42	LY5290	Syncom	Adrenaline	4	6	10	0	0	10	100	0	0
43	LY5290	Syncom	Lysine	4	7	7	0	2	9	77.77777778	0	22.22222222
44	LY5290	Syncom	Lysine	4	8	15	2	2	19	78.94736842	10.52631579	10.52631579
45	LY5290	Syncom	Lysine	4	9	10	2	1	13	76.92307692	15.38461538	7.692307692
46	LY5290	Syncom	Lysine	4	10	9	2	2	13	69.23076923	15.38461538	15.38461538
47	LY5290	Syncom	Lysine	4	11	8	0	2	10	80	0	20
48	LY5290	Syncom	Lysine	4	12	6	1	1	8	75	12.5	12.5
49	LY5290	Syncom	Glutaric_acid	5	1	5	0	5	10	50	0	50
50	LY5290	Syncom	Glutaric_acid	5	2	0	2	7	9	0	22.22222222	77.77777778
51	LY5290	Syncom	Glutaric_acid	5	3	10	0	0	10	100	0	0
52	LY5290	Syncom	Glutaric_acid	5	4	1	6	9	16	6.25	37.5	56.25
53	LY5290	Syncom	Glutaric_acid	5	5	0	6	3	9	0	66.66666667	33.33333333
54	LY5290	Syncom	Glutaric_acid	5	6	0	2	7	9	0	22.22222222	77.77777778
55	LY5290	Syncom	Pyrone	5	7	12	2	1	15	80	13.33333333	6.666666667
56	LY5290	Syncom	Pyrone	5	8	14	3	1	18	77.77777778	16.66666667	5.555555556
57	LY5290	Syncom	Pyrone	5	9	7	4	0	11	63.63636364	36.36363636	0
58	LY5290	Syncom	Pyrone	5	10	3	7	3	13	23.07692308	53.84615385	23.07692308
59	LY5290	Syncom	Pyrone	5	11	15	2	0	17	88.23529412	11.76470588	0
60	LY5290	Syncom	Pyrone	5	12	13	1	1	15	86.66666667	6.666666667	6.666666667
61	LJ9250	NB	None	6	1	1	0	0	1	100	0	0
62	LJ9250	NB	None	6	2	1	0	0	1	100	0	0
63	LJ9250	NB	None	6	3	1	0	0	1	100	0	0
64	LJ9250	NB	None	6	4	1	0	0	1	100	0	0
65	LJ9250	NB	None	6	5	13	2	0	15	86.66666667	13.33333333	0
66	LJ9250	NB	None	6	6	1	0	0	1	100	0	0
67	LJ9250	NB	DMSO	6	7	1	0	0	1	100	0	0
68	LJ9250	NB	DMSO	6	8	1	0	0	1	100	0	0
69	LJ9250	NB	DMSO	6	9	6	1	3	10	60	10	30
70	LJ9250	NB	DMSO	6	10	1	0	0	1	100	0	0
71	LJ9250	NB	DMSO	6	11	7	1	2	10	70	10	20
72	LJ9250	NB	DMSO	6	12	1	0	0	1	100	0	0
73	LJ9250	Syncom	None	7	1	1	0	0	1	100	0	0
74	LJ9250	Syncom	None	7	2	1	0	0	1	100	0	0
75	LJ9250	Syncom	None	7	3	1	0	0	1	100	0	0
76	LJ9250	Syncom	None	7	4	15	0	0	15	100	0	0
77	LJ9250	Syncom	None	7	5	1	0	0	1	100	0	0
78	LJ9250	Syncom	None	7	6	20	1	0	21	95.23809524	4.761904762	0
79	LJ9250	Syncom	DMSO	7	7	1	0	0	1	100	0	0
80	LJ9250	Syncom	DMSO	7	8	1	0	0	1	100	0	0
81	LJ9250	Syncom	DMSO	7	9	6	1	3	10	60	10	30
82	LJ9250	Syncom	DMSO	7	10	1	0	0	1	100	0	0
83	LJ9250	Syncom	DMSO	7	11	7	1	2	10	70	10	20
84	LJ9250	Syncom	DMSO	7	12	1	0	0	1	100	0	0
85	LJ9250	Syncom	Methyl-Cytrate	8	1	1	0	0	1	100	0	0
86	LJ9250	Syncom	Methyl-Cytrate	8	2	1	0	0	1	100	0	0
87	LJ9250	Syncom	Methyl-Cytrate	8	3	1	0	0	1	100	0	0
88	LJ9250	Syncom	Methyl-Cytrate	8	4	1	0	0	1	100	0	0
89	LJ9250	Syncom	Methyl-Cytrate	8	5	1	0	0	1	100	0	0
90	LJ9250	Syncom	Methyl-Cytrate	8	6	1	0	0	1	100	0	0
91	LJ9250	Syncom	Citrulline	8	7	1	0	0	1	100	0	0
92	LJ9250	Syncom	Citrulline	8	8	1	0	0	1	100	0	0
93	LJ9250	Syncom	Citrulline	8	9	1	0	0	1	100	0	0
94	LJ9250	Syncom	Citrulline	8	10	1	0	0	1	100	0	0
95	LJ9250	Syncom	Citrulline	8	11	1	0	0	1	100	0	0
96	LJ9250	Syncom	Citrulline	8	12	1	0	0	1	100	0	0
97	LJ9250	Syncom	Adrenaline	9	1	1	0	0	1	100	0	0
98	LJ9250	Syncom	Adrenaline	9	2	1	0	0	1	100	0	0
99	LJ9250	Syncom	Adrenaline	9	3	1	0	0	1	100	0	0
100	LJ9250	Syncom	Adrenaline	9	4	1	0	0	1	100	0	0
101	LJ9250	Syncom	Adrenaline	9	5	1	0	0	1	100	0	0
102	LJ9250	Syncom	Adrenaline	9	6	1	0	0	1	100	0	0
103	LJ9250	Syncom	Lysine	9	7	7	0	3	10	70	0	30
104	LJ9250	Syncom	Lysine	9	8	9	0	2	11	81.81818182	0	18.18181818
105	LJ9250	Syncom	Lysine	9	9	4	0	5	9	44.44444444	0	55.55555556
106	LJ9250	Syncom	Lysine	9	11	8	3	0	11	72.72727273	27.27272727	0
107	LJ9250	Syncom	Lysine	9	12	5	0	0	5	100	0	0
108	LJ9250	Syncom	Glutaric_acid	10	1	1	9	1	11	9.090909091	81.81818182	9.090909091
109	LJ9250	Syncom	Glutaric_acid	10	2	0	6	2	8	0	75	25
110	LJ9250	Syncom	Glutaric_acid	10	3	0	7	2	9	0	77.77777778	22.22222222
111	LJ9250	Syncom	Glutaric_acid	10	4	5	6	2	13	38.46153846	46.15384615	15.38461538
112	LJ9250	Syncom	Glutaric_acid	10	5	1	0	0	1	100	0	0
113	LJ9250	Syncom	Glutaric_acid	10	6	1	0	0	1	100	0	0
114	LJ9250	Syncom	Pyrone	10	7	16	1	0	17	94.11764706	5.882352941	0
115	LJ9250	Syncom	Pyrone	10	8	15	1	0	16	93.75	6.25	0
116	LJ9250	Syncom	Pyrone	10	9	1	0	0	1	100	0	0
117	LJ9250	Syncom	Pyrone	10	10	15	1	0	16	93.75	6.25	0
118	LJ9250	Syncom	Pyrone	10	11	1	0	0	1	100	0	0
119	LJ9250	Syncom	Pyrone	10	12	1	0	0	1	100	0	0
120	SP9509	NB	None	11	1	0	15	4	19	0	78.94736842	21.05263158
121	SP9509	NB	None	11	2	0	1	9	10	0	10	90
122	SP9509	NB	None	11	3	0	3	7	10	0	30	70
123	SP9509	NB	None	11	4	0	5	6	11	0	45.45454545	54.54545455
124	SP9509	NB	None	11	5	0	10	6	16	0	62.5	37.5
125	SP9509	NB	None	11	6	0	4	6	10	0	40	60
126	SP9509	NB	DMSO	11	7	1	0	9	10	10	0	90
127	SP9509	NB	DMSO	11	8	4	1	0	5	80	20	0
128	SP9509	NB	DMSO	11	9	3	3	3	9	33.33333333	33.33333333	33.33333333
129	SP9509	NB	DMSO	11	10	0	1	9	10	0	10	90
130	SP9509	NB	DMSO	11	11	2	1	3	6	33.33333333	16.66666667	50
131	SP9509	NB	DMSO	11	12	2	3	0	5	40	60	0
132	SP9509	Syncom	None	12	1	10	4	2	16	62.5	25	12.5
133	SP9509	Syncom	None	12	2	10	1	3	14	71.42857143	7.142857143	21.42857143
134	SP9509	Syncom	None	12	3	0	6	10	16	0	37.5	62.5
135	SP9509	Syncom	None	12	4	10	7	1	18	55.55555556	38.88888889	5.555555556
136	SP9509	Syncom	None	12	5	1	0	0	1	100	0	0
137	SP9509	Syncom	None	12	6	10	1	1	12	83.33333333	8.333333333	8.333333333
138	SP9509	Syncom	DMSO	12	7	9	7	4	20	45	35	20
139	SP9509	Syncom	DMSO	12	8	0	7	3	10	0	70	30
140	SP9509	Syncom	DMSO	12	9	12	1	0	13	92.30769231	7.692307692	0
141	SP9509	Syncom	DMSO	12	10	10	0	0	10	100	0	0
142	SP9509	Syncom	DMSO	12	11	8	2	1	11	72.72727273	18.18181818	9.090909091
143	SP9509	Syncom	DMSO	12	12	12	3	0	15	80	20	0
144	SP9509	Syncom	Methyl-Cytrate	13	1	6	3	4	13	46.15384615	23.07692308	30.76923077
145	SP9509	Syncom	Methyl-Cytrate	13	2	9	2	3	14	64.28571429	14.28571429	21.42857143
146	SP9509	Syncom	Methyl-Cytrate	13	3	7	5	3	15	46.66666667	33.33333333	20
147	SP9509	Syncom	Methyl-Cytrate	13	4	10	4	2	16	62.5	25	12.5
148	SP9509	Syncom	Methyl-Cytrate	13	5	1	2	0	3	33.33333333	66.66666667	0
149	SP9509	Syncom	Methyl-Cytrate	13	6	4	4	4	12	33.33333333	33.33333333	33.33333333
150	SP9509	Syncom	Citrulline	13	7	1	7	7	15	6.666666667	46.66666667	46.66666667
151	SP9509	Syncom	Citrulline	13	8	12	2	2	16	75	12.5	12.5
152	SP9509	Syncom	Citrulline	13	9	12	2	0	14	85.71428571	14.28571429	0
153	SP9509	Syncom	Citrulline	13	10	0	8	2	10	0	80	20
154	SP9509	Syncom	Citrulline	13	11	3	11	5	19	15.78947368	57.89473684	26.31578947
155	SP9509	Syncom	Citrulline	13	12	2	8	6	16	12.5	50	37.5
156	SP9509	Syncom	Adrenaline	14	1	0	8	4	12	0	66.66666667	33.33333333
157	SP9509	Syncom	Adrenaline	14	2	0	5	10	15	0	33.33333333	66.66666667
158	SP9509	Syncom	Adrenaline	14	3	0	6	12	18	0	33.33333333	66.66666667
159	SP9509	Syncom	Adrenaline	14	4	0	1	12	13	0	7.692307692	92.30769231
160	SP9509	Syncom	Adrenaline	14	5	0	7	9	16	0	43.75	56.25
161	SP9509	Syncom	Adrenaline	14	6	12	0	2	14	85.71428571	0	14.28571429
162	SP9509	Syncom	Lysine	14	7	1	0	0	1	100	0	0
163	SP9509	Syncom	Lysine	14	8	1	0	0	1	100	0	0
164	SP9509	Syncom	Lysine	14	9	1	0	0	1	100	0	0
165	SP9509	Syncom	Lysine	14	10	1	0	0	1	100	0	0
166	SP9509	Syncom	Lysine	14	11	1	0	0	1	100	0	0
167	SP9509	Syncom	Lysine	14	12	1	0	0	1	100	0	0
168	SP9509	Syncom	Glutaric_acid	15	1	1	2	2	5	20	40	40
169	SP9509	Syncom	Glutaric_acid	15	2	5	0	1	6	83.33333333	0	16.66666667
170	SP9509	Syncom	Glutaric_acid	15	3	3	0	2	5	60	0	40
171	SP9509	Syncom	Glutaric_acid	15	4	1	0	0	1	100	0	0
172	SP9509	Syncom	Glutaric_acid	15	5	1	0	0	1	100	0	0
173	SP9509	Syncom	Glutaric_acid	15	6	5	0	3	8	62.5	0	37.5
174	SP9509	Syncom	Pyrone	15	7	3	1	2	6	50	16.66666667	33.33333333
175	SP9509	Syncom	Pyrone	15	8	8	3	1	12	66.66666667	25	8.333333333
176	SP9509	Syncom	Pyrone	15	9	10	2	2	14	71.42857143	14.28571429	14.28571429
177	SP9509	Syncom	Pyrone	15	10	6	3	1	10	60	30	10
178	SP9509	Syncom	Pyrone	15	11	3	1	0	4	75	25	0
179	SP9509	Syncom	Pyrone	15	12	5	0	1	6	83.33333333	0	16.66666667
180	LP8539	NB	None	16	1	18	0	1	19	94.73684211	0	5.263157895
181	LP8539	NB	None	16	2	28	1	3	32	87.5	3.125	9.375
182	LP8539	NB	None	16	3	29	7	0	36	80.55555556	19.44444444	0
183	LP8539	NB	None	16	4	31	12	0	43	72.09302326	27.90697674	0
184	LP8539	NB	None	16	5	33	5	0	38	86.84210526	13.15789474	0
185	LP8539	NB	None	16	6	1	0	0	1	100	0	0
186	LP8539	NB	DMSO	16	7	1	0	0	1	100	0	0
187	LP8539	NB	DMSO	16	8	7	1	2	10	70	10	20
188	LP8539	NB	DMSO	16	9	1	0	5	6	16.66666667	0	83.33333333
189	LP8539	NB	DMSO	16	10	0	8	2	10	0	80	20
190	LP8539	NB	DMSO	16	11	0	2	3	5	0	40	60
191	LP8539	NB	DMSO	16	12	0	1	3	4	0	25	75
192	LP8539	Syncom	None	17	1	2	0	0	2	100	0	0
193	LP8539	Syncom	None	17	2	1	0	0	1	100	0	0
194	LP8539	Syncom	None	17	3	1	0	0	1	100	0	0
195	LP8539	Syncom	None	17	4	1	0	0	1	100	0	0
196	LP8539	Syncom	None	17	5	1	0	0	1	100	0	0
197	LP8539	Syncom	None	17	6	1	0	0	1	100	0	0
198	LP8539	Syncom	DMSO	17	7	1	7	1	9	11.11111111	77.77777778	11.11111111
199	LP8539	Syncom	DMSO	17	8	7	1	1	9	77.77777778	11.11111111	11.11111111
200	LP8539	Syncom	DMSO	17	9	6	4	1	11	54.54545455	36.36363636	9.090909091
201	LP8539	Syncom	DMSO	17	10	8	5	4	17	47.05882353	29.41176471	23.52941176
202	LP8539	Syncom	DMSO	17	11	6	0	3	9	66.66666667	0	33.33333333
203	LP8539	Syncom	DMSO	17	12	0	4	4	8	0	50	50
204	LP8539	Syncom	Methyl-Cytrate	18	1	1	0	0	1	100	0	0
205	LP8539	Syncom	Methyl-Cytrate	18	2	1	0	0	1	100	0	0
206	LP8539	Syncom	Methyl-Cytrate	18	3	1	0	0	1	100	0	0
207	LP8539	Syncom	Methyl-Cytrate	18	4	1	0	0	1	100	0	0
208	LP8539	Syncom	Methyl-Cytrate	18	5	1	0	0	1	100	0	0
209	LP8539	Syncom	Methyl-Cytrate	18	6	1	0	0	1	100	0	0
210	LP8539	Syncom	Citrulline	18	7	1	0	0	1	100	0	0
211	LP8539	Syncom	Citrulline	18	8	1	0	0	1	100	0	0
212	LP8539	Syncom	Citrulline	18	9	1	0	0	1	100	0	0
213	LP8539	Syncom	Citrulline	18	10	11	0	0	11	100	0	0
214	LP8539	Syncom	Citrulline	18	11	28	1	0	29	96.55172414	3.448275862	0
215	LP8539	Syncom	Citrulline	18	12	17	1	0	18	94.44444444	5.555555556	0
216	LP8539	Syncom	Adrenaline	19	1	1	0	0	1	100	0	0
217	LP8539	Syncom	Adrenaline	19	2	1	0	0	1	100	0	0
218	LP8539	Syncom	Adrenaline	19	3	1	0	0	1	100	0	0
219	LP8539	Syncom	Adrenaline	19	4	1	0	0	1	100	0	0
220	LP8539	Syncom	Adrenaline	19	5	1	0	0	1	100	0	0
221	LP8539	Syncom	Adrenaline	19	6	1	0	0	1	100	0	0
222	LP8539	Syncom	Lysine	19	7	7	0	1	8	87.5	0	12.5
223	LP8539	Syncom	Lysine	19	8	10	0	0	10	100	0	0
224	LP8539	Syncom	Lysine	19	9	1	0	0	1	100	0	0
225	LP8539	Syncom	Lysine	19	10	11	0	0	11	100	0	0
226	LP8539	Syncom	Lysine	19	11	11	0	3	14	78.57142857	0	21.42857143
227	LP8539	Syncom	Lysine	19	12	1	0	0	1	100	0	0
228	LP8539	Syncom	Glutaric_acid	20	1	1	6	1	8	12.5	75	12.5
229	LP8539	Syncom	Glutaric_acid	20	2	9	0	1	10	90	0	10
230	LP8539	Syncom	Glutaric_acid	20	3	1	0	0	1	100	0	0
231	LP8539	Syncom	Glutaric_acid	20	4	6	10	1	17	35.29411765	58.82352941	5.882352941
232	LP8539	Syncom	Glutaric_acid	20	5	12	1	1	14	85.71428571	7.142857143	7.142857143
233	LP8539	Syncom	Glutaric_acid	20	6	8	2	0	10	80	20	0
234	LP8539	Syncom	Pyrone	20	7	15	0	2	17	88.23529412	0	11.76470588
235	LP8539	Syncom	Pyrone	20	8	1	0	0	1	100	0	0
236	LP8539	Syncom	Pyrone	20	9	1	0	0	1	100	0	0
237	LP8539	Syncom	Pyrone	20	10	1	0	0	1	100	0	0
238	LP8539	Syncom	Pyrone	20	11	1	0	0	1	100	0	0
239	LP8539	Syncom	Pyrone	20	12	1	0	0	1	100	0	0
240	LP0049	NB	None	21	1	1	0	0	1	100	0	0
241	LP0049	NB	None	21	2	1	0	0	1	100	0	0
242	LP0049	NB	None	21	3	1	0	0	1	100	0	0
243	LP0049	NB	None	21	4	1	0	0	1	100	0	0
244	LP0049	NB	None	21	5	1	0	0	1	100	0	0
245	LP0049	NB	None	21	6	1	0	0	1	100	0	0
246	LP0049	NB	DMSO	21	7	0	0	1	1	0	0	100
247	LP0049	NB	DMSO	21	8	3	2	1	6	50	33.33333333	16.66666667
248	LP0049	NB	DMSO	21	9	9	1	0	10	90	10	0
249	LP0049	NB	DMSO	21	10	0	0	1	1	0	0	100
250	LP0049	NB	DMSO	21	11	2	4	1	7	28.57142857	57.14285714	14.28571429
251	LP0049	NB	DMSO	21	12	0	3	2	5	0	60	40
252	LP0049	Syncom	None	22	1	1	0	0	1	100	0	0
253	LP0049	Syncom	None	22	2	1	0	0	1	100	0	0
254	LP0049	Syncom	None	22	3	1	0	0	1	100	0	0
255	LP0049	Syncom	None	22	4	1	0	0	1	100	0	0
256	LP0049	Syncom	None	22	5	1	0	0	1	100	0	0
257	LP0049	Syncom	None	22	6	1	0	0	1	100	0	0
258	LP0049	Syncom	DMSO	22	7	1	0	0	1	100	0	0
259	LP0049	Syncom	DMSO	22	8	1	0	0	1	100	0	0
260	LP0049	Syncom	DMSO	22	9	2	1	1	4	50	25	25
261	LP0049	Syncom	DMSO	22	10	1	0	14	15	6.666666667	0	93.33333333
262	LP0049	Syncom	DMSO	22	11	3	1	2	6	50	16.66666667	33.33333333
263	LP0049	Syncom	DMSO	22	12	1	0	0	1	100	0	0
264	LP0049	Syncom	Methyl-Cytrate	23	1	1	0	0	1	100	0	0
265	LP0049	Syncom	Methyl-Cytrate	23	2	7	1	0	8	87.5	12.5	0
266	LP0049	Syncom	Methyl-Cytrate	23	3	1	0	0	1	100	0	0
267	LP0049	Syncom	Methyl-Cytrate	23	4	11	0	1	12	91.66666667	0	8.333333333
268	LP0049	Syncom	Methyl-Cytrate	23	5	1	0	0	1	100	0	0
269	LP0049	Syncom	Methyl-Cytrate	23	6	1	0	0	1	100	0	0
270	LP0049	Syncom	Citrulline	23	7	1	0	0	1	100	0	0
271	LP0049	Syncom	Citrulline	23	8	5	1	0	6	83.33333333	16.66666667	0
272	LP0049	Syncom	Citrulline	23	9	1	0	0	1	100	0	0
273	LP0049	Syncom	Citrulline	23	10	9	1	1	11	81.81818182	9.090909091	9.090909091
274	LP0049	Syncom	Citrulline	23	11	6	0	1	7	85.71428571	0	14.28571429
275	LP0049	Syncom	Citrulline	23	12	1	0	0	1	100	0	0
276	LP0049	Syncom	Adrenaline	24	1	1	0	0	1	100	0	0
277	LP0049	Syncom	Adrenaline	24	2	1	0	0	1	100	0	0
278	LP0049	Syncom	Adrenaline	24	3	1	0	0	1	100	0	0
279	LP0049	Syncom	Adrenaline	24	4	1	0	0	1	100	0	0
280	LP0049	Syncom	Adrenaline	24	5	1	0	0	1	100	0	0
281	LP0049	Syncom	Adrenaline	24	6	1	0	0	1	100	0	0
282	LP0049	Syncom	Lysine	24	7	1	0	0	1	100	0	0
283	LP0049	Syncom	Lysine	24	8	1	0	1	2	50	0	50
284	LP0049	Syncom	Lysine	24	9	1	0	0	1	100	0	0
285	LP0049	Syncom	Lysine	24	10	1	0	0	1	100	0	0
286	LP0049	Syncom	Lysine	24	11	4	0	1	5	80	0	20
287	LP0049	Syncom	Lysine	24	12	1	0	0	1	100	0	0
288	LP0049	Syncom	Glutaric_acid	25	1	0	9	3	12	0	75	25
289	LP0049	Syncom	Glutaric_acid	25	2	0	10	3	13	0	76.92307692	23.07692308
290	LP0049	Syncom	Glutaric_acid	25	3	1	0	0	1	100	0	0
291	LP0049	Syncom	Glutaric_acid	25	4	9	0	1	10	90	0	10
292	LP0049	Syncom	Glutaric_acid	25	5	1	0	0	1	100	0	0
293	LP0049	Syncom	Glutaric_acid	25	6	9	0	1	10	90	0	10
294	LP0049	Syncom	Pyrone	25	7	1	0	0	1	100	0	0
295	LP0049	Syncom	Pyrone	25	8	1	0	0	1	100	0	0
296	LP0049	Syncom	Pyrone	25	9	1	0	0	1	100	0	0
297	LP0049	Syncom	Pyrone	25	10	1	0	0	1	100	0	0
298	LP0049	Syncom	Pyrone	25	11	1	0	0	1	100	0	0
299	LP0049	Syncom	Pyrone	25	12	1	0	0	1	100	0	0
300	SP7498	NB	None	26	1	1	0	0	1	100	0	0
301	SP7498	NB	None	26	2	1	0	0	1	100	0	0
302	SP7498	NB	None	26	3	1	0	0	1	100	0	0
303	SP7498	NB	None	26	4	1	0	0	1	100	0	0
304	SP7498	NB	None	26	5	1	0	0	1	100	0	0
305	SP7498	NB	None	26	6	1	0	0	1	100	0	0
306	SP7498	NB	DMSO	26	7	4	2	3	9	44.44444444	22.22222222	33.33333333
307	SP7498	NB	DMSO	26	8	3	0	1	4	75	0	25
308	SP7498	NB	DMSO	26	9	4	0	2	6	66.66666667	0	33.33333333
309	SP7498	NB	DMSO	26	10	4	2	3	9	44.44444444	22.22222222	33.33333333
310	SP7498	NB	DMSO	26	11	3	0	1	4	75	0	25
311	SP7498	NB	DMSO	26	12	2	0	3	5	40	0	60
312	SP7498	Syncom	None	27	1	1	0	0	1	100	0	0
313	SP7498	Syncom	None	27	2	1	0	0	1	100	0	0
314	SP7498	Syncom	None	27	3	1	0	0	1	100	0	0
315	SP7498	Syncom	None	27	4	1	0	0	1	100	0	0
316	SP7498	Syncom	None	27	5	1	0	0	1	100	0	0
317	SP7498	Syncom	None	27	6	1	0	0	1	100	0	0
318	SP7498	Syncom	DMSO	27	7	1	0	0	1	100	0	0
319	SP7498	Syncom	DMSO	27	8	1	0	0	1	100	0	0
320	SP7498	Syncom	DMSO	27	9	1	0	0	1	100	0	0
321	SP7498	Syncom	DMSO	27	10	1	0	0	1	100	0	0
322	SP7498	Syncom	DMSO	27	11	1	0	0	1	100	0	0
323	SP7498	Syncom	DMSO	27	12	1	0	0	1	100	0	0
324	SP7498	Syncom	Methyl-Cytrate	28	1	1	0	0	1	100	0	0
325	SP7498	Syncom	Methyl-Cytrate	28	2	1	0	0	1	100	0	0
326	SP7498	Syncom	Methyl-Cytrate	28	3	1	0	0	1	100	0	0
327	SP7498	Syncom	Methyl-Cytrate	28	4	1	0	0	1	100	0	0
328	SP7498	Syncom	Methyl-Cytrate	28	5	1	0	0	1	100	0	0
329	SP7498	Syncom	Methyl-Cytrate	28	6	1	0	0	1	100	0	0
330	SP7498	Syncom	Citrulline	28	7	1	0	0	1	100	0	0
331	SP7498	Syncom	Citrulline	28	8	1	0	0	1	100	0	0
332	SP7498	Syncom	Citrulline	28	9	1	0	0	1	100	0	0
333	SP7498	Syncom	Citrulline	28	10	1	0	0	1	100	0	0
334	SP7498	Syncom	Citrulline	28	11	1	0	0	1	100	0	0
335	SP7498	Syncom	Citrulline	28	12	1	0	0	1	100	0	0
336	SP7498	Syncom	Adrenaline	29	1	1	0	0	1	100	0	0
337	SP7498	Syncom	Adrenaline	29	2	1	0	0	1	100	0	0
338	SP7498	Syncom	Adrenaline	29	3	1	0	0	1	100	0	0
339	SP7498	Syncom	Adrenaline	29	4	1	0	0	1	100	0	0
340	SP7498	Syncom	Adrenaline	29	5	1	0	0	1	100	0	0
341	SP7498	Syncom	Adrenaline	29	6	1	0	0	1	100	0	0
342	SP7498	Syncom	Lysine	29	7	1	0	0	1	100	0	0
343	SP7498	Syncom	Lysine	29	8	1	0	0	1	100	0	0
344	SP7498	Syncom	Lysine	29	9	1	0	0	1	100	0	0
345	SP7498	Syncom	Lysine	29	10	1	0	0	1	100	0	0
346	SP7498	Syncom	Lysine	29	11	1	0	0	1	100	0	0
347	SP7498	Syncom	Lysine	29	12	1	0	0	1	100	0	0
348	SP7498	Syncom	Glutaric_acid	30	1	2	2	2	6	33.33333333	33.33333333	33.33333333
349	SP7498	Syncom	Glutaric_acid	30	2	0	2	6	8	0	25	75
350	SP7498	Syncom	Glutaric_acid	30	3	0	1	6	7	0	14.28571429	85.71428571
351	SP7498	Syncom	Glutaric_acid	30	4	5	2	0	7	71.42857143	28.57142857	0
352	SP7498	Syncom	Glutaric_acid	30	5	1	0	0	1	100	0	0
353	SP7498	Syncom	Glutaric_acid	30	6	7	1	0	8	87.5	12.5	0
354	SP7498	Syncom	Pyrone	30	7	1	0	0	1	100	0	0
355	SP7498	Syncom	Pyrone	30	8	1	0	0	1	100	0	0
356	SP7498	Syncom	Pyrone	30	9	1	0	0	1	100	0	0
357	SP7498	Syncom	Pyrone	30	10	1	0	0	1	100	0	0
358	SP7498	Syncom	Pyrone	30	11	1	0	0	1	100	0	0
359	SP7498	Syncom	Pyrone	30	12	1	0	0	1	100	0	0
