	Name	Syncom	Phylum	Clases	Order	Family	Genus	Replicates	Batch	Plant	Still_diameter	Endodermis_diameter	CCL1_diameter	CCL2_diameter	CCL3_diameter	CCL4_diameter	Exodermis_diameter	Epidermis_diameter	Root_diameter	Still_N_cell	Endodermis_N_cell	CCL1_N_cell	CCL2_N_cell	CCL3_N_cell	CCL4_N_cell	Exodermis_N_cell	Epidermis_N_cell	Aerenchyma_mean_area	Aerenchyma_n	CCL	complexity	Aerenchyma_total_area
NB1	NB	NB	NA	NA	NA	NA	NA	1	1	LA7339	6.68867	3.72129625	14.43863625	0	0	0	31.797065	13.813458	140.70456	8	8	8	0	0	0	8	20	39.921975	8	5	5	319.35122
NB2	NB	NB	NA	NA	NA	NA	NA	3	1	LA7339	4.773974286	3.465948571	9.863784286	0	0	0	29.94012714	10.84531849	117.4925525	7	7	6	0	0	0	7	18	43.10382714	7	5	5	301.72678
NB3	NB	NB	NA	NA	NA	NA	NA	3	1	LA7339	6.53407	3.81544625	12.91721	0	0	0	34.15098625	13.9678415	142.075365	8	8	8	0	0	0	8	20	40.86000625	8	5	5	326.88005
NB4	NB	NB	NA	NA	NA	NA	NA	4	1	LA7339	6.1483125	4.3929375	14.7112325	0	0	0	29.4939775	12.15265611	137.5011	8	8	8	0	0	0	8	18	48.33567714	7	5	5	373.19947
1.1	Syncom	Full_Syncom	NA	NA	NA	NA	NA	1	1	LA7339	4.85828	4.044057143	13.52104143	0	0	0	35.32083429	16.73904548	179.791695	7	7	7	0	0	0	7	18	37.30545571	7	5	5	261.16673
1.2	Syncom	Full_Syncom	NA	NA	NA	NA	NA	2	1	LA7339	5.632112857	2.898828571	13.44248	0	0	0	40.43530571	14.21699952	167.6650075	7	7	7	0	0	0	7	18	29.59599714	7	5	5	207.17197
1.3	Syncom	Full_Syncom	NA	NA	NA	NA	NA	3	1	LA7339	3.50248	3.682948571	6.664855714	0	0	0	28.88267738	11.79761405	108.606525	7	7	7	0	0	0	6	15	13.08802	6	5	5	78.52813
1.4	Syncom	Full_Syncom	NA	NA	NA	NA	NA	4	1	LA7339	5.51975	3.534305	10.4859675	0	0	0	28.31016	10.21361013	50.73896	9	8	8	0	0	0	8	19	57.31289	7	5	5	205.20453
2.1	2	P128A.22	Firmicutes	Bacilli	Paenibacillales	Paenibacillaceae	Paenibacillus	1	1	LA7339	3.8192	3.635995556	14.10746302	0	0	0	31.61076286	15.2375619	138.128305	5	9	7	0	0	0	7	18	62.92755571	7	5	5	440.49289
2.2	2	P128A.22	Firmicutes	Bacilli	Paenibacillales	Paenibacillaceae	Paenibacillus	2	1	LA7339	5.61277625	3.134114861	12.70027389	0	0	0	29.77020929	14.88533571	90.48766	8	8	8	0	0	0	7	18	29.683965	7	5	5	167.57131
2.3	2	P128A.22	Firmicutes	Bacilli	Paenibacillales	Paenibacillaceae	Paenibacillus	3	1	LA7339	6.137445714	3.539648036	8.39244625	0	0	0	30.69132429	10.82716807	123.5463733	7	8	7	0	0	0	7	17	36.14390667	6	5	5	194.7427
2.4	2	P128A.22	Firmicutes	Bacilli	Paenibacillales	Paenibacillaceae	Paenibacillus	4	1	LA7339	6.481154286	4.249498214	11.86637179	0	0	0	25.50011	14.27257481	130.832415	7	8	7	0	0	0	7	21	46.01258125	8	5	5	368.12334
2.5	2	P128A.22	Firmicutes	Bacilli	Paenibacillales	Paenibacillaceae	Paenibacillus	4	1	LA7339	2.31907	3.667138333	9.75569	0	0	0	32.23130167	13.84557267	126.657445	5	6	6	0	0	0	6	15	21.43962429	7	5	5	149.9867
3.1	3	P129	Proteobacteria	Gammaproteobacteria	Pseudomonadales	Pseudomonadaceae	Pseudomonas	1	1	LA7339	5.132732857	4.031288393	6.78685	0	0	0	29.67198161	9.994087143	113.62291	7	8	7	0	0	0	7	17	17.04315429	7	5	5	119.3021
3.2	3	P129	Proteobacteria	Gammaproteobacteria	Pseudomonadales	Pseudomonadaceae	Pseudomonas	2	1	LA7339	4.174035714	2.855307143	12.37693143	0	0	0	31.59847349	12.9043541	128.7262875	7	7	7	0	0	0	9	16	49.72194714	7	5	5	348.05363
3.3	3	P129	Proteobacteria	Gammaproteobacteria	Pseudomonadales	Pseudomonadaceae	Pseudomonas	3	1	LA7339	3.850904286	1.7253	7.235142857	0	0	0	38.45137508	8.941397111	123.1141733	7	7	7	0	0	0	9	13	21.98012571	7	5	5	153.86088
4.1	4	P118A	Actinobacteriota	Actinobacteria	Micrococcales	Micrococcaceae	Arthrobacter	1	1	LA7339	3.591465	2.695123571	9.959222857	0	0	0	31.60337714	10.47208476	116.8706	8	7	7	0	0	0	7	15	26.29411333	6	5	5	157.76467
4.2	4	P118A	Actinobacteriota	Actinobacteria	Micrococcales	Micrococcaceae	Arthrobacter	2	1	LA7339	7.3509425	5.309224643	9.812325714	0	0	0	25.43303	12.78710437	124.38855	6	7	8	0	0	0	7	18	24.15794857	7	5	5	169.10565
4.3	4	P118A	Actinobacteriota	Actinobacteria	Micrococcales	Micrococcaceae	Arthrobacter	3	1	LA7339	6.01965	4.377271429	8.869924286	0	0	0	46.53704762	14.5762653	170.0339275	8	6	8	0	0	0	6	22	61.64939667	6	5	5	391.52828
5.1	5	P65	Firmicutes	Bacilli	Staphylococcales	Staphylococcaceae	Staphylococcus	1	1	LA7339	5.95543125	2.9217825	12.04595625	0	0	0	32.53945625	13.24421846	135.5665675	8	8	8	0	0	0	8	17	13.84299875	8	5	5	110.78624
5.3	5	P65	Firmicutes	Bacilli	Staphylococcales	Staphylococcaceae	Staphylococcus	2	1	LA7339	5.450136667	4.341278333	11.36294125	0	0	0	30.37207	12.64912375	131.70384	6	8	8	0	0	0	8	19	32.45655875	8	5	5	259.65247
6.1	6	R148A	Actinobacteriota	Actinobacteria	Corynebacteriales	Nocardiaceae	Rhodococcus	1	1	LA7339	7.980465	3.662925	11.67689556	0	0	0	28.00450333	17.26953901	143.6646525	8	10	9	0	0	0	9	19	11.88118	8	5	5	95.04943
6.3	6	R148A	Actinobacteriota	Actinobacteria	Corynebacteriales	Nocardiaceae	Rhodococcus	2	1	LA7339	14.24821429	8.915124464	16.4857375	0	0	0	56.88304625	29.05799691	256.8679025	7	8	8	0	0	0	8	17	61.24605286	7	5	5	541.34014
6.4	6	R148A	Actinobacteriota	Actinobacteria	Corynebacteriales	Nocardiaceae	Rhodococcus	3	1	LA7339	5.67880125	3.230687321	10.13782143	0	0	0	28.66021857	13.1997081	122.8004375	8	7	7	0	0	0	7	18	20.50437286	7	5	5	143.53061
7.1	7	P69	Actinobacteriota	Actinobacteria	Streptomycetales	Streptomycetaceae	Streptomyces	1	1	LA7339	8.94449	5.090151	11.455255	0	0	0	29.25883855	22.96924545	157.1217875	9	10	10	0	0	0	11	21	36.481124	5	5	5	182.40562
7.2	7	P69	Actinobacteriota	Actinobacteria	Streptomycetales	Streptomycetaceae	Streptomyces	2	1	LA7339	5.194114286	3.231778571	9.923457143	0	0	0	29.60562	14.01498895	124.4079675	7	7	7	0	0	0	7	19	29.072605	6	5	5	242.19848
7.3	7	P69	Actinobacteriota	Actinobacteria	Streptomycetales	Streptomycetaceae	Streptomyces	3	1	LA7339	5.19093	3.811713333	8.089064167	0	0	0	25.57049964	12.73531848	112.82132	7	6	8	0	0	0	7	16	15.01162	6	5	5	90.08522
7.4	7	P69	Actinobacteriota	Actinobacteria	Streptomycetales	Streptomycetaceae	Streptomyces	4	1	LA7339	7.001081667	3.053105	8.253414333	0	0	0	24.481012	11.048951	8.3125025	6	9	10	0	0	0	9	15	12.08793333	9	5	5	108.7914
8.1	8	P74A	Actinobacteriota	Actinobacteria	Corynebacteriales	Nocardiaceae	Rhodococcus	1	1	LA7339	6.896304286	2.85236	9.095474286	0	0	0	24.9495481	13.33633333	78.0002875	7	7	7	0	0	0	9	19	20.16444571	7	5	5	141.15113
8.2	8	P74A	Actinobacteriota	Actinobacteria	Corynebacteriales	Nocardiaceae	Rhodococcus	2	1	LA7339	6.722551429	3.45039	9.765501429	0	0	0	26.22806571	21.8977481	141.2481375	9	8	7	0	0	0	7	27	30.201468	3	5	5	151.00734
8.3	8	P74A	Actinobacteriota	Actinobacteria	Corynebacteriales	Nocardiaceae	Rhodococcus	3	1	LA7339	6.9258	5.563096	9.3527565	0	0	0	25.85187464	12.59402369	134.12431	8	10	8	0	0	0	7	24	36.55552556	9	5	5	328.99972
8.4	8	P74A	Actinobacteriota	Actinobacteria	Corynebacteriales	Nocardiaceae	Rhodococcus	4	1	LA7339	8.799145	4.169629286	10.67016271	0	0	0	23.891103	15.39092045	126.5463875	8	7	10	0	0	0	8	22	25.08892167	6	5	5	150.53353
9.2	9	R345.2	Proteobacteria	Alphaproteobacteria	Sphingomonadales	Sphingomonadaceae	Sphingopyxis	1	1	LA7339	5.747655714	3.50483	9.066127143	0	0	0	21.46157214	15.09817357	109.1146975	7	7	7	0	0	0	8	21	38.818536	5	5	5	313.42071
9.3	9	R345.2	Proteobacteria	Alphaproteobacteria	Sphingomonadales	Sphingomonadaceae	Sphingopyxis	2	1	LA7339	8.325217778	4.179100972	9.369689712	0	0	0	21.45002754	12.21303137	115.24704	9	8	13	0	0	0	10	19	21.9596125	8	5	5	175.6769
10.1	10	R88	Actinobacteriota	Actinobacteria	Corynebacteriales	Nocardiaceae	Rhodococcus	1	1	LA7339	7.695553333	3.192060667	9.788898857	0	0	0	25.42849571	10.31469303	126.187495	9	5	7	0	0	0	7	25	31.49543286	7	5	5	220.46803
10.2	10	R88	Actinobacteriota	Actinobacteria	Corynebacteriales	Nocardiaceae	Rhodococcus	2	1	LA7339	8.154832857	3.179278571	9.861765714	0	0	0	31.68481714	15.1405681	136.35561	1	6	6	0	0	0	6	2	17.62961143	1	5	5	123.42997
10.3	10	R88	Actinobacteriota	Actinobacteria	Corynebacteriales	Nocardiaceae	Rhodococcus	3	1	LA7339	7.392232	2.001254	3.869257077	0	0	0	12.06367859	40.07048833	75.602985	5	5	13	0	0	0	12	33	24.67398375	8	5	5	259.25365
10.4	10	R88	Actinobacteriota	Actinobacteria	Corynebacteriales	Nocardiaceae	Rhodococcus	4	1	LA7339	6.488295	4.82527875	12.95111403	0	0	0	29.79957222	10.89107105	132.50603	8	8	9	0	0	0	8	19	29.20233143	7	5	5	204.41631
11.1	11	R186	Proteobacteria	Gammaproteobacteria	Pseudomonadales	Pseudomonadaceae	Pseudomonas	1	1	LA7339	5.343338571	4.208518571	6.728094107	0	0	0	23.76200018	10.03042916	103.4229125	7	7	8	0	0	0	7	17	8.624134286	7	5	5	60.38302
11.2	11	R186	Proteobacteria	Gammaproteobacteria	Pseudomonadales	Pseudomonadaceae	Pseudomonas	2	1	LA7339	5.071928571	3.396441429	7.749508	0	0	0	26.89351771	9.649073036	108.0629325	7	6	5	0	0	0	7	16	14.47387714	7	5	5	96.72533
13.1	13	R28	Actinobacteriota	Actinobacteria	Corynebacteriales	Nocardiaceae	Rhodococcus	1	1	LA7339	4.670381429	3.153526071	8.6728375	0	0	0	28.47068929	12.98540524	21.23125	7	7	8	0	0	0	7	21	25.71921286	7	5	5	180.03449
13.2	13	R28	Actinobacteriota	Actinobacteria	Corynebacteriales	Nocardiaceae	Rhodococcus	2	1	LA7339	6.160555714	3.682774286	9.738112857	0	0	0	26.99523286	14.44454262	121.5017225	7	7	7	0	0	0	7	18	15.37344571	7	5	5	107.61412
15.1	15	R151	Firmicutes	Bacilli	Bacillales	Bacillaceae	Bacillus	1	1	LA7339	7.401822857	4.81204	12.24094429	0	0	0	26.85070143	3.659118651	128.66568	8	7	7	0	0	0	7	15	18.41884833	6	5	5	130.76677
15.2	15	R151	Firmicutes	Bacilli	Bacillales	Bacillaceae	Bacillus	2	1	LA7339	7.751082857	4.730784643	9.767585	0	0	0	26.88392	12.32991083	131.241515	7	8	8	0	0	0	8	17	9.518658571	7	5	5	66.63062
15.3	15	R151	Firmicutes	Bacilli	Bacillales	Bacillaceae	Bacillus	3	1	LA7339	6.53288	3.81284	12.17915	0	0	0	26.62473625	15.25853375	130.6621275	7	7	7	0	0	0	8	22	47.82649714	7	5	5	334.78548
16.1	16	P192	Proteobacteria	Alphaproteobacteria	Rhizobiales	Xanthobacteraceae	Bacteria	1	1	LA7339	4.648508571	3.202937143	8.25772	0	0	0	29.19490714	13.44241464	116.2633775	7	7	7	0	0	0	7	16	18.10646857	7	5	5	126.74528
16.2	16	P192	Proteobacteria	Alphaproteobacteria	Rhizobiales	Xanthobacteraceae	Bacteria	2	1	LA7339	3.901368333	2.797741667	8.169413333	0	0	0	28.91749167	8.607259375	106.1617275	6	6	6	0	0	0	6	15	20.318295	4	5	5	81.27318
16.3	16	P192	Proteobacteria	Alphaproteobacteria	Rhizobiales	Xanthobacteraceae	Bacteria	3	1	LA7339	5.92603	3.185105714	9.641402857	0	0	0	29.60212714	11.45992619	120.989435	7	7	7	0	0	0	7	21	27.12797571	7	5	5	189.87758
16.4	16	P192	Proteobacteria	Alphaproteobacteria	Rhizobiales	Xanthobacteraceae	Bacteria	4	1	LA7339	6.23199625	4.14906125	11.45738806	0	0	0	29.92026778	16.45163	42.9012225	8	8	9	0	0	0	9	19	18.83030571	7	5	5	131.81215
17.1	17	R34	Actinobacteriota	Actinobacteria	Micrococcales	Micrococcaceae	Paenarthrobacter	1	1	LA7339	5.719642857	2.9038	6.448575714	0	0	0	24.15301429	9.527187698	98.6442225	7	7	7	0	0	0	7	18	5.171815	6	5	5	32.88553
17.2	17	R34	Actinobacteriota	Actinobacteria	Micrococcales	Micrococcaceae	Paenarthrobacter	2	1	LA7339	7.757077143	4.785260635	8.024334444	0	0	0	25.66333111	16.26676667	123.86372	7	9	9	0	0	0	9	18	25.85702286	7	5	5	180.99915
17.3	17	R34	Actinobacteriota	Actinobacteria	Micrococcales	Micrococcaceae	Paenarthrobacter	3	1	LA7339	5.30838375	3.454753393	9.262245714	0	0	0	26.70330857	10.26136295	112.067885	8	7	7	0	0	0	7	16	13.23327714	7	5	5	92.63294
17.4	17	R34	Actinobacteriota	Actinobacteria	Micrococcales	Micrococcaceae	Paenarthrobacter	4	1	LA7339	8.45838375	4.353789107	14.62323571	0	0	0	23.45667571	10.12927946	126.4886025	7	7	7	0	0	0	8	21	26.61917714	7	5	5	186.33425
v21.1	Syncom2	Full_Syncom	NA	NA	NA	NA	NA	1	2	LA7339	6.56062375	3.5471	15.42433875	0	0	0	39.69102528	14.34644453	157.3471675	8	8	8	0	0	0	9	26	29.442462	5	5	5	147.2123
v21.2	Syncom2	Full_Syncom	NA	NA	NA	NA	NA	2	2	LA7339	6.94252	3.91345375	16.22189054	0	0	0	41.81082016	11.68436947	195.4024675	8	8	7	0	0	0	9	23	37.72726375	8	5	5	301.81812
v21.3	Syncom2	Full_Syncom	NA	NA	NA	NA	NA	3	2	LA7339	6.702551429	3.099967321	11.21368569	0	0	0	40.02156556	12.00083478	159.6888475	7	8	9	0	0	0	8	23	11.92395	7	5	5	83.52963
v22.1	19	R289	Proteobacteria	Alphaproteobacteria	Rhizobiales	Rhizobiaceae	Rhizobium	1	2	LA7339	6.3183025	2.97553125	12.19967	0	0	0	38.872315	12.92331675	146.5829	8	8	8	0	0	0	8	20	17.30688125	8	5	5	138.48397
v22.2	19	R289	Proteobacteria	Alphaproteobacteria	Rhizobiales	Rhizobiaceae	Rhizobium	2	2	LA7339	5.615692857	3.188914286	12.00870714	0	0	0	41.62826	16.05495256	159.8814025	7	7	7	0	0	0	7	19	24.556576	5	5	5	148.76258
v22.3	19	R289	Proteobacteria	Alphaproteobacteria	Rhizobiales	Rhizobiaceae	Rhizobium	3	2	LA7339	5.778842857	2.921412857	11.82537571	0	0	0	32.03394143	7.847551943	118.3460725	7	7	7	0	0	0	7	25	120.940152	5	5	5	131.84422
v22.4	19	R289	Proteobacteria	Alphaproteobacteria	Rhizobiales	Rhizobiaceae	Rhizobium	4	2	LA7339	5.96340875	3.1175025	13.618565	0	0	0	39.04562375	12.21636348	64.4009075	8	8	8	0	0	0	9	23	35.72534	8	5	5	285.80271
v23.1	20	P234	Proteobacteria	Alphaproteobacteria	Rhizobiales	Rhizobiaceae	Rhizobium	1	2	LA7339	6.86477625	3.81055875	13.272075	0	0	0	35.5809575	13.31282705	44.4234125	8	8	8	0	0	0	8	22	31.35768125	8	5	5	250.86145
v23.2	20	P234	Proteobacteria	Alphaproteobacteria	Rhizobiales	Rhizobiaceae	Rhizobium	2	2	LA7339	5.717688571	3.481457143	13.65595429	0	0	0	36.40351875	10.45485951	143.7427	7	7	7	0	0	0	8	23	48.55747571	5	5	5	339.93105
v23.3	20	P234	Proteobacteria	Alphaproteobacteria	Rhizobiales	Rhizobiaceae	Rhizobium	3	2	LA7339	6.379685	4.952843889	15.15058222	0	0	0	43.62477389	9.488767424	169.6116975	8	9	9	0	0	0	10	26	29.28052778	9	5	5	263.56212
v24.1	21	P153	Proteobacteria	Gammaproteobacteria	Pseudomonadales	Pseudomonadaceae	Pseudomonas	1	2	LA7339	7.724365714	3.951089841	17.69428444	0	0	0	43.98662625	16.77223968	280.6011225	7	9	9	0	0	0	8	27	63.40599	9	5	5	570.7075
v24.2	21	P153	Proteobacteria	Gammaproteobacteria	Pseudomonadales	Pseudomonadaceae	Pseudomonas	2	2	LA7339	5.883517143	3.338102857	14.78906	0	0	0	38.17513125	14.45137575	153.9374275	7	7	7	0	0	0	8	20	48.63286714	6	5	5	36.7324
v24.3	21	P153	Proteobacteria	Gammaproteobacteria	Pseudomonadales	Pseudomonadaceae	Pseudomonas	3	2	LA7339	7.002746	2.92178	10.52187	0	0	0	24.894734	11.3937825	116.6683875	5	5	5	0	0	0	7	16	11.336152	5	5	5	56.68076
v24.4	21	P153	Proteobacteria	Gammaproteobacteria	Pseudomonadales	Pseudomonadaceae	Pseudomonas	4	2	LA7339	7.2268275	4.69956	12.82291964	0	0	0	31.97725508	10.4202643	68.86995	8	8	7	0	0	0	9	23	20.30321333	9	5	5	182.72891
v26.1	22	P9	Proteobacteria	Gammaproteobacteria	Burkholderiales	Alcaligenaceae	NA	1	2	LA7339	6.400574286	3.272275714	15.02713875	0	0	0	42.5310025	12.03524701	82.8927425	7	8	8	0	0	0	8	24	21.75465429	7	5	5	152.34148
v26.2	22	P9	Proteobacteria	Gammaproteobacteria	Burkholderiales	Alcaligenaceae	NA	2	2	LA7339	7.7327325	4.54021375	17.36210875	0	0	0	43.430955	16.62876043	182.02063	8	8	8	0	0	0	9	23	80.37883222	9	5	5	633.13491
v2NB1	NB	NB	NA	NA	NA	NA	NA	1	2	LA7339	6.582977143	4.043856607	14.1144775	0	0	0	40.46438764	16.00765546	164.26038	7	8	8	0	0	0	9	23	41.25039875	8	5	5	330.00318
v2NB2	NB	NB	NA	NA	NA	NA	NA	3	2	LA7339	6.569256667	3.024511905	13.34268143	0	0	0	43.0610475	17.70304829	167.309365	6	7	8	0	0	0	8	19	25.40883167	6	5	5	152.51991
v2NB3	NB	NB	NA	NA	NA	NA	NA	3	2	LA7339	7.5898725	3.47517125	14.72875625	0	0	0	41.55274625	14.51427225	181.3939175	8	8	8	0	0	0	8	20	26.31438875	8	5	5	210.55009
v2NB4	NB	NB	NA	NA	NA	NA	NA	4	2	LA7339	6.65373125	4.0179025	12.77715125	0	0	0	34.25789875	14.14835875	140.826235	8	8	8	0	0	0	8	20	42.7937125	8	5	5	342.3497
v2NB5	NB	NB	NA	NA	NA	NA	NA	5	2	LA7339	6.466565	4.077469286	14.78773196	0	0	0	30.16304042	11.35443222	135.3857525	8	7	8	0	0	0	9	18	50.9687725	8	5	5	407.66469
