	Medium	Treatment	Species	Replicate	Fmax	Tfmax	AUC6	AUC14	Vel_in	Vel_fn
1	Dir	NB	SI7820	1	2.238097186	10	8.060822971	24.84362729	0.345611093	-0.105700534
2	Dir	NB	SI7820	2	2.929432196	14	7.067630625	24.52999849	0.17910752	0.459627001
3	Dir	NB	SI7820	3	2.803286758	14	8.198229597	26.31261512	0.451238488	0.245173071
4	Dir	NB	SI7820	4	2.440267844	14	7.785480575	23.86305085	0.310982238	0.275599496
5	Dir	NB	SP9509	1	3.486735681	14	9.771713133	31.74651732	0.579549397	0.43052893
6	Dir	NB	SP9509	2	2.033508924	14	6.184130826	20.59333057	0.082238588	0.102804706
7	Dir	NB	SP9509	3	1.851207347	14	6.374728531	19.6203022	0.151332499	0.085719807
8	Dir	NB	SP9509	4	1.959182633	14	7.107243732	21.65309317	0.228232607	0.062169245
9	Dir	NB	LP8539	1	4.199052133	14	8.968984342	32.69548263	0.480487732	0.694567761
10	Dir	NB	LP8539	2	3.091459636	14	7.682736184	27.80639119	0.208086868	0.326854825
11	Dir	NB	LP8539	3	6.641014759	14	10.27797425	44.7398029	0.412010185	1.459353044
12	Dir	NB	LP8539	4	4.787255801	14	8.846410184	37.47727273	0.37969885	0.586236688
13	Dir	NB	LA7339	1	6.925142207	14	7.364391354	44.51988623	0.179704209	1.043731513
14	Dir	NB	LA7339	2	3.278946394	14	5.589476282	21.94772068	0.044884646	0.725271421
15	Dir	NB	LA7339	3	4.567075669	14	5.577609816	27.52115455	0.032831605	1.001272292
16	Dir	NB	LA7339	4	5.916783248	14	6.48499481	33.52782165	0.102396318	1.469402951
17	Dir	NB	PS	1	1.6417237	14	6.540063616	17.96998803	0.199446936	0.143023713
18	Dir	NB	PS	2	1.474064251	10	6.286804376	14.85542898	0.156505736	-0.737032126
19	Dir	NB	PS	3	1.339258199	14	5.684113072	15.44514058	0.078692943	0.082756603
20	Dir	NB	PS	4	1.797400701	14	6.918290206	20.11033522	0.233108543	0.074502813
21	Dir	NB	LP0049	1	3.119901185	14	8.645531277	30.93097668	0.39445049	0.083125018
22	Dir	NB	LP0049	2	2.594339623	14	7.108394581	24.71156483	0.294016016	0.101744186
23	Dir	NB	LP0049	3	3.088312234	14	8.750910917	29.60110011	0.446769748	0.212804223
24	Dir	NB	LP0049	4	2.297120789	14	7.861290778	24.15803479	0.333338566	0.134847248
25	Dir	NB	LJ9250	1	3.110693926	14	9.181826507	28.25488221	0.523535337	0.459580119
26	Dir	NB	LJ9250	2	2.746240936	14	7.152690497	26.65504389	0.221053301	0.046457194
27	Dir	NB	LJ9250	3	3.561798769	14	7.498439197	28.37977289	0.138673996	0.612027235
28	Dir	NB	LJ9250	4	3.366377662	14	10.49655744	34.76482213	0.495888053	0.244103022
36	Dir	SynCom	SI7820	1	2.234866999	10	7.388176755	24.34223729	0.231236488	-0.024450136
37	Dir	SynCom	SI7820	2	1.923709549	14	6.112918989	18.1882683	0.11763918	0.270817346
38	Dir	SynCom	SI7820	3	2.346230563	14	7.00627295	22.1708543	0.233442132	0.253943968
39	Dir	SynCom	SI7820	4	2.188287726	14	6.795498846	20.84260153	0.236010181	0.237902615
40	Dir	SynCom	SP9509	1	2.767564465	14	7.435225608	24.52364084	0.272179338	0.368676264
41	Dir	SynCom	SP9509	2	2.266548741	14	6.963772422	22.77035599	0.208182471	0.127898621
42	Dir	SynCom	SP9509	3	1.882693029	14	6.488911446	19.70653397	0.177102412	0.110383521
43	Dir	SynCom	SP9509	4	2.112211743	14	6.729618963	21.21608435	0.168729033	0.171012933
44	Dir	SynCom	LP8539	1	4.050813421	14	8.916014235	32.74402644	0.348576512	0.671797153
45	Dir	SynCom	LP8539	2	4.686847653	14	9.272469022	33.67387783	0.472633554	1.033176513
46	Dir	SynCom	LP8539	3	2.640143653	10	6.439308785	24.93649868	0.116625079	-0.121312469
47	Dir	SynCom	LP8539	4	4.614747021	14	7.641668106	33.85593162	0.243740287	0.671438439
48	Dir	SynCom	LA7339	1	5.169029772	14	9.992143051	43.16960173	0.45263253	0.434420061
49	Dir	SynCom	LA7339	2	7.209753585	14	10.32094101	51.73169056	0.347364128	1.078324891
50	Dir	SynCom	LA7339	3	4.399994555	14	9.204298587	40.24162197	0.301091661	0.120137206
51	Dir	SynCom	LA7339	4	8.980379797	14	13.88156962	64.81246553	0.997084548	1.268280671
52	Dir	SynCom	PS	1	1.337969448	14	5.886791432	15.72025803	0.139146562	0.056136865
53	Dir	SynCom	PS	2	1.379003447	10	6.156312483	16.89725299	0.152384635	-0.014733148
54	Dir	SynCom	PS	3	1.608692462	14	6.017320897	17.54002581	0.116989419	0.088243533
55	Dir	SynCom	PS	4	1.1846992	14	5.46621537	14.66470384	0.075648545	0.003375449
56	Dir	SynCom	LP0049	1	2.287806635	14	7.043259034	23.85517628	0.191554284	0.045279923
57	Dir	SynCom	LP0049	2	2.774637219	10	8.192433424	28.90336469	0.272414687	-0.094343007
58	Dir	SynCom	LP0049	3	2.390991219	10	7.424576726	24.88076474	0.244203677	-0.12362594
59	Dir	SynCom	LP0049	4	2.434480447	10	7.194027481	24.94920008	0.233044644	-0.055862276
60	Dir	SynCom	LJ9250	1	3.085385393	14	5.654921245	24.19898198	0.009317459	0.347420444
61	Dir	SynCom	LJ9250	2	2.939624974	14	8.82069081	28.30132135	0.413262415	0.312036369
62	Dir	SynCom	LJ9250	3	3.331908527	14	8.457896987	31.47200256	0.329370592	0.174008869
63	Dir	SynCom	LJ9250	4	3.765728931	14	8.877784219	33.69764142	0.271495698	0.391865503
71	Dir	NatCom	SI7820	1	2.503172504	14	8.482827229	25.71856309	0.387415531	0.230537324
72	Dir	NatCom	SI7820	2	3.988997275	14	8.660605462	32.47179122	0.401708646	0.540693442
73	Dir	NatCom	SI7820	3	1.855443628	14	6.702874269	20.8162008	0.160769663	0.027254563
74	Dir	NatCom	SI7820	4	1.534353749	10	5.469205968	17.08013491	0.023636084	-0.015806906
75	Dir	NatCom	SP9509	1	2.22279776	14	7.148815421	22.95247685	0.248357743	0.09281176
76	Dir	NatCom	SP9509	2	2.004859497	10	7.265482311	21.63804376	0.260716717	-0.234781792
77	Dir	NatCom	SP9509	3	2.120383993	14	6.872715149	21.85922037	0.210830749	0.103401742
78	Dir	NatCom	SP9509	4	2.25033815	14	6.291533186	20.67429582	0.121419757	0.253980684
79	Dir	NatCom	LP8539	1	3.408245484	14	8.811303968	32.81983146	0.416705835	0.093080642
80	Dir	NatCom	LP8539	2	2.757230578	10	10.17599597	26.36009018	0.561923408	-1.378615289
81	Dir	NatCom	LP8539	3	3.773751884	14	8.568810722	31.93771443	0.256725559	0.540064771
82	Dir	NatCom	LP8539	4	5.255723383	14	7.044971317	39.09623178	0.099600021	0.443213515
83	Dir	NatCom	LA7339	1	10.07355116	14	17.31850881	84.29497781	1.001781632	0.651371521
84	Dir	NatCom	LA7339	2	6.88957672	14	14.43386243	63.36518519	0.700582011	0.289259259
85	Dir	NatCom	LA7339	3	7.104803789	14	7.904499323	53.97107578	0.092151556	0.227571042
86	Dir	NatCom	LA7339	4	3.208582194	14	5.099571091	24.12747024	-0.067402894	0.350713513
87	Dir	NatCom	PS	1	1.135714593	6	5.484302223	14.12560849	0.056146067	-0.009004963
88	Dir	NatCom	PS	2	1.483738915	14	6.558537306	17.77515313	0.217156202	0.039519924
89	Dir	NatCom	PS	3	1.171915242	3	5.423288046	12.48418279	0.085957621	-0.306088669
90	Dir	NatCom	PS	4	1.414342629	6	6.634068282	13.46102959	0.202510868	0.008755867
91	Dir	NatCom	LP0049	1	2.21930024	10	7.844006568	24.66992548	0.290855122	-0.085714286
92	Dir	NatCom	LP0049	2	2.564617402	14	7.980047839	25.1117206	0.328445916	0.254973665
93	Dir	NatCom	LP0049	3	2.537390236	14	8.018343104	24.99599345	0.341478713	0.249327974
94	Dir	NatCom	LP0049	4	2.077971814	10	7.736816406	23.67799288	0.298483456	-0.046463312
95	Dir	NatCom	LJ9250	1	3.306251222	14	7.834778977	26.66604753	0.311938999	0.588293845
96	Dir	NatCom	LJ9250	2	3.957068095	14	9.620595752	37.02338283	0.479249072	0.163177752
97	Dir	NatCom	LJ9250	3	2.340615296	14	6.678495342	23.18734202	0.175245541	0.07556691
98	Dir	NatCom	LJ9250	4	2.953896168	14	9.466370308	31.51306522	0.516833317	0.023285883
106	Hundred	NB	SI7820	1	2.647762962	14	7.323585363	26.01610703	0.239075035	0.087292044
107	Hundred	NB	SI7820	2	1.782646917	14	5.55630795	17.3908383	0.040392941	0.166726103
108	Hundred	NB	SI7820	3	2.30804332	14	7.987049194	25.55849308	0.295283143	0.036374251
109	Hundred	NB	SI7820	4	2.097984336	14	6.537590846	21.28903145	0.170296587	0.093909495
110	Hundred	NB	SP9509	1	1.929209212	14	6.513214579	19.30755012	0.147618693	0.226801819
111	Hundred	NB	SP9509	2	2.510409342	14	7.278427926	23.6297338	0.219249121	0.285924159
112	Hundred	NB	SP9509	3	1.894525449	14	6.250142445	19.39779	0.138792628	0.120134692
113	Hundred	NB	SP9509	4	2.031563905	14	6.807135152	19.3172852	0.218985976	0.328605052
114	Hundred	NB	LP8539	1	2.639208875	14	5.410378194	22.45181299	0.010597951	0.158792046
115	Hundred	NB	LP8539	2	3.720163989	14	7.888975974	28.11144606	0.308895789	0.73639707
116	Hundred	NB	LP8539	3	2.453230378	10	8.096092757	24.7867877	0.351517447	-0.453340338
117	Hundred	NB	LP8539	4	4.84422286	14	11.99982541	42.97817568	0.813106231	0.499922402
118	Hundred	NB	LA7339	1	4.335397956	14	8.069242283	36.65254981	0.211920615	0.263574894
119	Hundred	NB	LA7339	2	7.320999544	6	18.22345279	60.21767449	0.748390694	-3.419027827
120	Hundred	NB	LA7339	3	4.445468915	10	8.951643177	39.29516267	0.286123551	-0.422665306
121	Hundred	NB	LA7339	4	13.77839315	10	12.7482462	99.57205361	0.707114902	-0.865861763
122	Hundred	NB	PS	1	1.28728004	14	5.569388172	15.08348816	0.07218351	0.060942635
123	Hundred	NB	PS	2	1.431962902	10	6.118430625	17.13986277	0.131047717	-0.046983663
124	Hundred	NB	PS	3	1.198295512	6	5.569450972	14.35285272	0.054401541	0.066367462
125	Hundred	NB	PS	4	1.327106085	14	5.992570801	16.2474759	0.110968658	0.036421011
126	Hundred	NB	LP0049	1	3.250821666	14	9.750588753	33.53190911	0.481612795	0.105872001
127	Hundred	NB	LP0049	2	2.36087231	14	6.664286755	22.60542037	0.151027248	0.179537617
128	Hundred	NB	LP0049	3	2.804955192	14	9.166729422	30.45699977	0.452697869	0.00963928
129	Hundred	NB	LP0049	4	2.267864167	14	7.577247498	24.29522311	0.285477033	0.052794895
130	Hundred	NB	LJ9250	1	2.550694229	10	7.806496736	26.10667288	0.376010258	-0.059812455
131	Hundred	NB	LJ9250	2	3.625550861	14	8.713927127	31.40794376	0.407921039	0.411464722
132	Hundred	NB	LJ9250	3	2.439160527	10	7.563842376	23.26069435	0.230564858	-0.704867158
133	Hundred	NB	LJ9250	4	2.509638351	14	8.278040483	25.81790876	0.384581051	0.1656011
141	Hundred	SynCom	SI7820	1	2.188386628	10	7.781584302	23.65292151	0.301831395	-0.238888081
142	Hundred	SynCom	SI7820	2	2.45912972	10	7.788329351	25.01488818	0.41086186	-0.126728223
143	Hundred	SynCom	SI7820	3	3.051881596	14	9.590988238	30.97277993	0.597553392	0.133390782
144	Hundred	SynCom	SI7820	4	3.017855346	14	9.381920384	31.58520105	0.554586754	0.006145862
145	Hundred	SynCom	SP9509	1	1.819411194	14	6.607935481	20.28837177	0.156056755	0.04244581
146	Hundred	SynCom	SP9509	2	2.549455009	10	7.179832444	25.53712025	0.230555717	-0.077211851
147	Hundred	SynCom	SP9509	3	1.992360101	14	7.114785906	22.10281342	0.204833091	0.052536711
148	Hundred	SynCom	SP9509	4	2.702508482	14	8.853291214	26.93001496	0.49275372	0.248877995
149	Hundred	SynCom	LP8539	1	3.668893489	14	8.896923222	31.40413687	0.381445239	0.519884582
150	Hundred	SynCom	LP8539	2	3.886323036	10	9.788092022	38.37813167	0.446647205	-0.033593307
151	Hundred	SynCom	LP8539	3	2.543601503	14	6.243009109	22.83514874	0.150678387	0.165286536
152	Hundred	SynCom	LP8539	4	2.394617576	10	6.425824413	23.42854368	0.121309565	-0.114338743
153	Hundred	SynCom	LA7339	1	4.986026689	14	9.269114325	37.17875358	0.404259531	0.875451222
154	Hundred	SynCom	LA7339	2	4.995011661	10	10.74245271	45.82012827	0.469681265	-0.354447396
155	Hundred	SynCom	LA7339	3	5.208905883	14	10.7659816	47.21732983	0.226550364	0.372465846
156	Hundred	SynCom	LA7339	4	7.36297672	14	9.023819807	48.90271239	0.194812767	1.295663629
157	Hundred	SynCom	PS	1	1.615494602	14	6.329155049	18.20191597	0.168080611	0.058984502
158	Hundred	SynCom	PS	2	1.443786566	14	5.928981106	16.30028454	0.115125164	0.095319543
159	Hundred	SynCom	PS	3	1.08170668	3	5.103335593	13.01345214	0.04085334	-0.008944683
160	Hundred	SynCom	PS	4	1.360461395	14	6.121695956	16.59612397	0.125295097	0.04357929
161	Hundred	SynCom	LP0049	1	7.221103591	14	8.981984152	43.85864303	0.376430068	1.656217635
162	Hundred	SynCom	LP0049	2	2.691216272	14	8.766843681	27.00275773	0.365906668	0.311808005
163	Hundred	SynCom	LP0049	3	2.829335215	14	7.952159768	26.31438147	0.341731342	0.283974208
164	Hundred	SynCom	LP0049	4	3.330385405	14	9.64429141	34.07985985	0.493149692	0.05643349
165	Hundred	SynCom	LJ9250	1	4.137429606	14	9.124976866	34.1419771	0.501414483	0.495597917
166	Hundred	SynCom	LJ9250	2	3.158398655	14	7.796427893	29.23465513	0.30597521	0.150112561
167	Hundred	SynCom	LJ9250	3	3.267959719	10	10.14506063	33.87160485	0.68032409	-0.051450252
168	Hundred	SynCom	LJ9250	4	3.388275255	14	6.105585608	24.17105296	0.016744245	0.703333753
176	Thousand	NB	SI7820	1	1.944295488	6	7.929681019	21.45728078	0.302647557	0.119506799
177	Thousand	NB	SI7820	2	2.075462117	14	7.281916514	20.86958663	0.263558806	0.268824904
178	Thousand	NB	SI7820	3	2.199281826	10	7.760182766	23.37434829	0.376011371	-0.188756661
179	Thousand	NB	SI7820	4	2.481454601	14	7.944904949	25.56490571	0.304187835	0.145918484
180	Thousand	NB	SP9509	1	2.235641497	14	7.604839581	22.90602907	0.37512153	0.135621092
181	Thousand	NB	SP9509	2	1.980410075	14	5.937696328	19.55415072	0.106602319	0.100698212
182	Thousand	NB	SP9509	3	1.824107929	14	6.089071704	18.78197576	0.105169612	0.125338547
183	Thousand	NB	SP9509	4	2.689094977	14	8.030472778	24.43119913	0.338897176	0.439394922
184	Thousand	NB	LP8539	1	2.151310631	14	7.395415593	22.3431584	0.337837459	0.112719839
185	Thousand	NB	LP8539	2	3.076617647	14	7.571470588	25.44857843	0.375698529	0.438321078
186	Thousand	NB	LP8539	3	3.26429832	14	8.587995947	28.76487025	0.416530492	0.427005033
187	Thousand	NB	LP8539	4	2.769730415	14	7.04313099	24.95916616	0.191759301	0.268515829
188	Thousand	NB	LA7339	1	3.025954596	10	8.227650209	30.08710076	0.356263145	-0.05618075
189	Thousand	NB	LA7339	2	3.959645621	14	8.98736796	33.07440491	0.386384657	0.551428711
190	Thousand	NB	LA7339	3	4.353259568	14	8.020309431	33.83436317	0.307323849	0.535469656
191	Thousand	NB	LA7339	4	3.52239311	14	9.681144263	34.08618886	0.514964626	0.192217779
192	Thousand	NB	PS	1	1	0	4.393706253	11.28743253	-0.074466807	0.01614152
193	Thousand	NB	PS	2	1.418704792	14	5.915357307	16.09704683	0.132532598	0.083433123
194	Thousand	NB	PS	3	1.300654671	14	5.658236435	15.29597007	0.094391323	0.051820936
195	Thousand	NB	PS	4	1.407385022	14	6.10316202	16.449715	0.139796545	0.079582861
196	Thousand	NB	LP0049	1	2.077812523	10	7.181259545	22.88639614	0.250272707	-0.000399971
197	Thousand	NB	LP0049	2	2.636228956	14	7.382345679	24.2547587	0.262199776	0.29667789
198	Thousand	NB	LP0049	3	1.381381656	14	5.243837498	14.90582886	0.053728902	0.07415282
199	Thousand	NB	LP0049	4	2.047368963	14	7.552167645	20.87985789	0.227690248	0.355184842
200	Thousand	NB	LJ9250	1	3.088269167	14	8.770470001	29.37417736	0.428649775	0.261941977
201	Thousand	NB	LJ9250	2	2.445572516	14	6.538743407	22.06322644	0.176422537	0.253057462
202	Thousand	NB	LJ9250	3	2.282615677	14	6.595629833	22.16167642	0.140751995	0.16485091
203	Thousand	NB	LJ9250	4	2.356151965	10	6.903556671	23.71937721	0.225322567	-0.08925409
211	Thousand	SynCom	SI7820	1	1.445958143	10	5.575199645	16.50782517	0.063297433	-0.022018328
212	Thousand	SynCom	SI7820	2	1.415566945	10	6.234238374	16.6250225	0.201090406	-0.1019165
213	Thousand	SynCom	SI7820	3	2.005462507	10	7.580066186	20.85043136	0.412932268	-0.362404081
214	Thousand	SynCom	SI7820	4	1.349649176	3	6.183741008	16.03957601	0.174824588	0.042770541
215	Thousand	SynCom	SP9509	1	1.206614195	3	5.622046543	14.37779078	0.103307098	0.050044157
216	Thousand	SynCom	SP9509	2	1.479277907	14	6.656480099	17.91373058	0.197914267	0.063453582
217	Thousand	SynCom	SP9509	3	1.317524296	14	5.792102959	14.93994906	0.116682707	0.12944403
218	Thousand	SynCom	SP9509	4	1.433475219	10	6.542120456	17.48394736	0.197509663	-0.099613484
219	Thousand	SynCom	LP8539	1	1.599313752	3	7.227186677	18.5990919	0.299656876	0.004791907
220	Thousand	SynCom	LP8539	2	1.774866201	14	7.263153277	21.14260229	0.232225894	0.029889159
221	Thousand	SynCom	LP8539	3	1.254860604	14	5.403558584	14.6807009	0.091208999	0.022754928
222	Thousand	SynCom	LP8539	4	1.635121182	14	6.526070536	18.92466851	0.16662591	0.042006304
223	Thousand	SynCom	LA7339	1	2.581890873	3	10.55749398	27.01790014	0.790945436	-0.087615283
224	Thousand	SynCom	LA7339	2	1.459616645	10	5.334514253	16.01628031	0.07384502	-0.007413172
225	Thousand	SynCom	LA7339	3	1.454850335	14	5.13802683	14.56809991	0.070252278	0.126839523
226	Thousand	SynCom	LA7339	4	2.383099592	14	8.368209657	22.6744408	0.439042251	0.444545535
227	Thousand	SynCom	PS	1	1.269946123	14	5.82877096	15.68789008	0.107172069	0.018888138
228	Thousand	SynCom	PS	2	1.378035108	14	5.515688111	15.29831217	0.043209497	0.110638429
229	Thousand	SynCom	PS	3	1.445930737	14	5.948285924	16.00550238	0.125892053	0.130433605
230	Thousand	SynCom	PS	4	1.593138424	10	6.517135881	18.45585994	0.210340767	-0.060170636
231	Thousand	SynCom	LP0049	1	2.220587951	14	8.487202502	24.55151813	0.39087382	0.162873743
232	Thousand	SynCom	LP0049	2	2.642238568	10	8.30352743	27.6095641	0.27428618	-0.280880861
233	Thousand	SynCom	LP0049	3	1.51749513	10	5.712911526	17.24921242	0.077146911	-0.001226463
234	Thousand	SynCom	LP0049	4	2.43892786	10	9.728239212	29.16995114	0.518423998	-0.010003548
235	Thousand	SynCom	LJ9250	1	1.547573113	3	6.425754096	14.7010565	0.273786556	-0.078135048
236	Thousand	SynCom	LJ9250	2	1.570323828	3	7.232056549	19.00755196	0.285161914	-0.103210085
237	Thousand	SynCom	LJ9250	3	1.36952251	14	5.732619372	15.86489768	0.100873124	0.048649386
238	Thousand	SynCom	LJ9250	4	1.84079785	14	7.581963503	21.10857264	0.405432169	0.032239355
