	Syncom	Stele_diameter	Endodermis_diameter	CCL1_diameter	CCL2_diameter	CCL3_diameter	CCL4_diameter	Exodermis_diameter	Epidermis_diameter	Root_diameter	Stele_N_cell	Endodermis_N_cell	CCL1_N_cell	CCL2_N_cell	CCL3_N_cell	CCL4_N_cell	Exodermis_N_cell	Epidermis_N_cell	Aerenchyma_mean_area	Aerenchyma_n	CCL	Complexity	Aerenchyma_total_area
v7.1	P128A.22	5.57331	4.024778333	18.03100667	12.71829833	0	0	33.72552193	8.695636642	167.7992475	6	6	6	6	0	0	19	21	298.3762017	6	6	6	1790.25719
v7.2	P128A.22	7.849935714	3.950064286	21.66164143	14.80636571	0	0	51.81273119	19.67762967	247.243525	7	7	7	7	1	0	24	55	1802.069875	8	6	6	12425.27504
v7.3	P128A.22	7.051595	6.38820875	20.30829625	14.38321333	0	0	34.65153667	22.23920108	207.11151	7	6	5	5	0	0	14	65	1503.104458	6	6	6	241.09381
v7.4	P128A.22	5.246451667	3.86439	16.18215	8.147425	0	0	27.60281048	13.64538981	151.011255	6	6	6	3	0	0	14	23	243.7670583	6	6	6	462.60235
v8.1	P129	5.789911429	2.775481429	17.89260714	12.17511714	13.02626	9.362622857	28.81567238	9.374962857	205.406035	7	7	7	7	7	1	21	42	1160.14325	5	7	7.142857143	7612.56189
v8.2	P129	5.759801429	3.26181	20.21564714	11.77665857	16.28061452	1.327481667	35.06764111	13.75565889	2848.858145	7	7	7	7	6	2	18	45	1368.676446	7	7	7.285714286	9580.73513
v8.3	P129	6.481685714	2.958968571	12.40376714	7.74115	11.85083	0	27.01929571	8.353053668	155.939385	7	7	7	7	7	0	21	37	558.7908571	7	7	7	3911.53601
v8.4	P129	6.312625	3.705135	17.50750286	10.91683857	10.98443714	11.36044143	29.135798	8.4542145	199.8088	7	7	7	7	7	4	20	56	1306.678553	7	8	7.571428571	9146.74988
v9.1	P118A	6.03914625	3.19458	16.3861175	8.916209583	13.45643167	12.227335	19.13568227	11.84931644	186.4919567	8	8	8	6	6	2	20	31	922.17537	7	7	7.3333	6455.2276
v9.2	P118A	4.823665	6.04580125	14.86717625	13.2641225	21.19694	24.348095	-8.404162273	6.858140982	172.57689	1	2	4	4	2	6	4	35	1695.705379	1	7	7.3333	162.25011
v9.3	P118A	5.343747143	3.25552619	14.37790667	10.138412	10.274804	5.785259	24.5958745	7.553293389	816.7861367	7	6	6	5	5	2	20	45	844.37474	6	7	7.4	5066.24844
v10.1	P65	5.567291429	2.421714286	15.64705762	8.874666667	11.006675	0	31.61916409	9.436330909	168.3280167	7	7	6	6	6	0	22	41	832.6952	6	7	7	4996.206
v10.2	P65	5.342223333	2.985869524	14.92398429	9.914482857	10.26292	0	35.04115471	11.96900214	183.433605	6	7	7	6	6	2	17	38	861.7203357	7	7	7.33	6032.04237
v10.3	P65	6.51965875	4.342746964	14.18072143	9.267714286	11.27758286	0	26.84794454	9.493788596	32.5424525	8	7	7	7	7	0	17	2	548.5463671	7	7	7.33	3839.82457
v10.4	P65	6.58734	3.480041429	17.91885857	10.45684857	9.625879762	0	40.07577767	10.651834	200.8187125	7	7	7	7	6	0	25	34	743.8783425	7	7	7.33	5855.9159
v11.1	R148A	6.097804286	3.436809464	15.663465	9.33172875	12.51923	3.6201925	28.134615	8.162821444	176.1287775	7	8	8	8	8	1	24	45	713.99	8	7	7.33	5711.92
v11.2	R148A	7.097775714	3.258418571	15.50320714	9.552308571	15.5032075	12.02482125	79.01112391	10.27489779	183.278565	7	7	7	8	8	1	23	41	775.1913543	7	7	7.125	5426.38362
v12.1	P69	5.171221667	2.455316667	15.160865	10.70874833	7.318628333	20.42945	9.649165455	4.753124784	152.1607725	6	6	6	5	6	1	22	42	636.5280567	6	7	7.166666667	3819.16834
v12.2	P69	5.755651667	2.069002619	17.3973	9.754283714	13.973864	3.42	32.40124381	6.947126857	170.991155	6	7	7	5	5	1	21	42	1111.236852	6	7	7.2	6667.42112
v12.3	P69	5.923415714	3.596752857	15.54476429	8.443882143	9.919629	10.351858	26.43999229	9.646579538	188.2610475	7	7	7	6	5	5	21	34	830.4841243	7	8	8	5813.38886
v12.4	P69	7.805906	2.779109714	15.35857554	10.84095375	12.10561786	0	27.24671398	11.37184154	174.9620725	10	7	8	8	7	0	38	37	719.9305713	8	7	7	5759.49246
v13.1	P74A	4.936595	3.872163333	16.10621	8.979413333	9.513511667	0	21.05041205	10.54550462	154.152225	6	6	6	6	3	0	13	32	518.900515	6	6	6.5	3113.40309
v13.2	P74A	5.9347025	2.97557625	19.07813792	11.641535	9.927895	0	27.31314879	10.30623995	182.8171525	8	8	6	6	3	0	11	37	747.327095	0	7	7	4483.96258
v13.3	P74A	5.27223	3.379016667	13.09909	7.949427619	0	0	28.41064844	9.134461939	140.528175	7	6	6	6	0	0	14	30	400.62186	6	6	6	2403.73115
v14.1	R345.2	6.88569875	4.3821175	15.90384804	8.837882857	11.05601143	2.140156429	37.35790656	6.992262326	186.3042675	8	8	7	7	7	2	32	36	935.7459043	7	7	7.285714286	6550.26497
v14.2	R345.2	6.5398875	3.21029125	17.58917125	8.86203	10.50764	0	29.89416781	7.087022473	1397.472253	8	8	7	6	5	7	31	35	636.3094363	8	7	7.285714286	5090.47548
v14.3	R345.2	6.392827143	2.790925714	18.50163429	10.58356286	11.242095	11.359685	26.66029156	5.977891514	187.856575	7	7	7	7	6	2	32	39	1021.519247	7	7	7.333333333	7150.67347
v15.1	R88	6.166035	1.831986667	16.86624	11.11140667	10.53393167	0	36.43958158	5.951594992	812.1928456	6	6	6	6	6	0	19	35	980.3254967	6	7	7	5881.95296
v15.2	R88	5.915925	2.84805	13.44140667	8.822005	11.54849667	6.095526667	23.71223714	6.699549699	160.9328	6	6	6	6	6	1	21	38	813.13406	6	7	7.166666667	4878.80436
v15.3	R88	6.644801429	2.76914	13.96415143	8.973784286	9.965934286	9.107053571	25.71178455	8.271083698	173.6194325	7	7	7	7	7	2	21	37	762.5259871	7	7	7.333333333	5337.6819
v15.4	R88	6.1793	3.213218333	14.33021833	10.96926333	12.631275	12.852875	18.60923095	12.13929856	183.5448667	6	6	6	6	6	1	21	41	1039.732448	6	7	7.166666667	6238.39468
v16.1	R186	5.54459	3.079188571	16.53513143	8.882278333	9.92841	8.803324167	35.74059226	7.728152535	195.6719	7	7	6	6	6	4	19	37	1131.929117	6	8	7.666666667	6791.5747
v16.2	R186	5.216495	1.83955	14.841085	7.810276667	11.81674833	0	25.91036395	6.013845598	1052.47378	6	6	6	5	5	0	19	44	777.5294267	6	7	7	1003.06279
v16.3	R186	6.06968	2.48112	12.39667286	8.143962143	7.715565	8.008738988	68.0956635	5.645120184	149.81725	6	7	7	6	3	0	20	19	334.9307886	6	6	6.5	2269.44305
v16.4	R186	5.5841425	3.039126071	17.24720429	9.761055476	13.25376452	7.21415381	27.53062119	11.20957034	194.3940225	8	7	7	7	7	3	14	50	925.2146743	7	7	7.428571429	6476.35324
v18.1	R28	5.49289	3.538505714	15.07022714	9.177988571	8.704085714	13.75909286	16.24972952	9.708502143	171.885745	7	7	7	7	7	1	21	36	625.2000014	7	7	6.777777778	4376.4
v18.2	R28	3.973941667	3.929188333	15.949076	11.131556	15.395574	4.346016	24.93251543	8.66259346	172.998685	6	5	5	5	5	1	14	46	1135.937718	5	7	7.2	5679.68858
v18.3	R28	5.432595714	2.914652857	16.63374476	16.85544095	22.74016571	0	14.22551278	14.80365829	187.6902775	7	7	6	7	2	0	18	28	744.2041083	6	6	6.285714286	4530.00018
v19.1	P162	6.0633625	2.9612575	15.41528111	9.170953889	11.42013929	0	29.7086694	8.777699764	169.04727	8	8	9	8	7	0	19	29	546.88148	8	7	6.875	4375.05182
v19.2	P162	11.63857625	5.696949464	6.178975714	13.57571143	7.689895714	0	42.54248786	17.64826705	190.749345	8	7	7	7	7	3	14	46	706.8262717	6	7	7.428571429	4240.95763
v19.3	P162	5.747435	2.331610714	13.68172595	9.007498333	10.83594667	11.67318083	31.71551398	7.895065495	190.50531	6	7	6	6	6	4	27	43	1317.429127	7	6	6.285714286	7966.42852
v20.1	R151	5.923281429	3.249827143	17.53477	13.26119143	12.97846667	0.062493333	38.02427	10.42532765	208.49744	6	6	7	6	6	1	19	34	1214.106173	6	7	7.166666667	7284.63704
v20.2	R151	4.067064	4.080774333	15.50407667	10.51487833	11.80241167	1.520005	31.50748923	7.183652046	175.7824475	5	6	6	6	6	2	13	47	1130.30899	6	7	7.333333333	6781.85394
v20.3	R151	5.300485	2.434848333	15.20871	9.339641667	11.792655	4.833355	30.98297938	6.686747292	175.5167975	6	6	6	6	6	2	16	48	1111.545844	5	7	7.333333333	5557.72922
v20.4	R151	5.18191	4.164137778	17.42052222	12.18522667	11.15222333	5.692065	33.70690152	8.904501728	195.736985	7	9	6	6	6	2	23	40	1310.050388	6	7	7.333333333	7860.30233
v21.1	P192	5.38349	3.91173	18.69626714	10.21529429	16.23773429	17.20971429	20.39748	17.02715553	219.832695	8	7	7	7	7	2	19	38	1203.683079	7	7	7.285714286	8425.78155
v21.2	P192	6.00304	3.139422857	20.19307286	12.26700143	19.70536452	0	35.60195033	14.828308	225.4663975	7	7	7	7	6	2	25	39	1243.345961	7	7	7.285714286	8703.42173
v21.3	P192	6.89893625	2.359927083	16.81475524	11.94145	12.46226571	10.08141071	28.677157	10.36507014	201.234215	8	6	7	7	7	2	20	42	1019.954383	7	7	7.285714286	7139.73425
v22.1	R34	6.540395	3.604183571	14.60524286	8.540215714	11.09736	7.605872857	23.70096556	23.48292204	170.8149025	8	6	6	6	6	2	27	50	803.9592817	6	7	7.333333333	4823.75569
v22.2	R34	5.70028	3.72896	16.57373667	9.955366667	11.01208167	11.95756167	26.48917718	11.2241583	198.02014	7	6	6	6	6	3	26	42	1440.845245	6	7	7.5	8645.07147
v22.3	R34	6.05334875	3.20471375	17.13741607	11.98391429	11.65180548	0	33.24229167	22.51591814	186.3645275	8	8	7	7	6	4	25	43	928.046252	5	8	7.666666667	6446.00285
v24.1	R289	6.4113225	2.91536625	15.9705425	9.10164	12.53507161	0	25.78528214	13.48412888	1838.890045	8	8	8	8	7	1	14	49	684.2305288	8	7	7.5	5473.88588
v24.2	R289	6.169805	2.60471125	17.88868	10.77811625	10.95775179	0	33.2824203	7.548673917	179.4822975	8	8	8	8	7	0	24	40	701.1566688	8	7	6.875	5609.25335
v24.3	R289	6.734837143	2.721588571	17.47193	10.24795857	13.64154571	11.17195	24.47674045	8.592942487	1822.301918	7	7	7	7	7	1	22	34	944.6772217	6	7	7.142857143	1051.88522
v25.1	P234	5.82601	2.978908333	14.24818667	12.39339167	29.269195	3.133481667	1.847770208	1.944118304	141.6910625	7	6	6	6	6	3	16	21	338.78513	6	7	7.5	2032.71078
v25.2	P234	7.93981125	3.039874464	17.81995429	11.48862857	11.80309714	19.68580429	28.0460463	10.5533718	228.2586625	8	7	7	7	7	2	27	42	1366.475064	7	7	7.285714286	9565.32545
v25.3	P234	6.7478725	3.246301786	16.44733143	10.72652571	14.47644286	19.30773571	18.74089346	5.636511122	187.781035	8	7	7	7	7	2	26	48	1054.166506	7	7	7.285714286	7379.29647
v26.1	P153	6.01783375	3.38001625	16.66856833	10.06288	14.713615	9.486676667	23.61618192	9.860303791	191.87494	8	7	6	6	6	2	26	35	1372.452318	6	7	7.333333333	8234.71391
v26.2	P153	6.5619925	3.751954643	16.14707857	9.68825	12.86383857	28.05106571	11.880661	9.210800471	199.6475075	8	7	7	7	7	2	20	34	877.5295314	7	7	7.285714286	6142.70671
v26.3	P153	5.824765714	3.193069286	16.68416	7.768286667	10.61077633	19.82126786	75.01296357	9.100453095	174.68395	7	8	6	6	5	0	14	33	495.2345317	6	7	7.285714286	2971.40718
v27.1	R245	6.0392675	3.5143625	17.02969286	9.757961429	13.81754071	11.59147	28.41290231	9.099624442	200.7298575	8	7	7	7	6	4	26	40	1243.709046	7	8	7.5	8705.96333
v27.2	R245	6.5759725	4.00119375	15.25011	7.98815	13.08576125	0	25.08559513	12.08721151	175.819805	8	7	8	8	8	0	19	41	660.6103913	8	7	7	5285.00843
v27.3	R245	8.472438	4.349209778	8.910736222	7.548157429	13.41297657	0	45.083822	18.15159	214.186355	5	9	5	7	5	3	25	38	1553.989682	5	8	7.6	7769.94841
v27.4	R245	6.536231667	3.839154048	14.99320054	11.22240375	10.89806	0	40.53891609	7.08118361	192.6914075	6	7	8	7	7	3	23	33	877.5556271	7	7	7.428571429	6142.88939
v28.1	P9	7.19133625	6.900132639	16.79776236	14.96447589	10.98531952	0	33.67014159	6.433006213	199.7928325	8	9	8	7	6	1	23	38	1140.753187	7	7	7.166666667	7985.27232
v28.2	P9	5.38861	4.694775556	11.37041444	7.487108889	-28.94090889	0	51.25952647	10.88419501	125.86915	7	9	9	9	0	0	17	27	178.40333	9	7	7.166666667	1605.62997
v28.3	P9	5.43802875	3.08113625	16.30662	9.019413333	11.18964333	0	34.85406742	8.614649828	175.3171475	8	6	6	6	6	1	22	37	1023.51798	6	7	7.166666667	6141.10787
v28.4	P9	7.53540875	6.37008125	13.86441	14.14498	17.95636	0	15.56658875	9.18136088	183.7902025	8	7	8	7	1	0	16	27	335.1929529	7	6	6.142857143	2346.35068
NB5	NB	6.183924286	4.174398571	11.46190286	6.688469286	8.403038333	0	32.32445324	11.17889391	145.0636975	7	7	7	7	6	0	17	27	378.2451671	7	7	6.857142857	2647.71617
NB2	NB	5.954808571	3.735382857	16.95018143	9.620371429	9.555769048	0	43.95501571	13.20104667	187.83377	7	7	7	7	6	0	17	30	665.5664857	7	7	6.857142857	4659.1012
NB6	NB	6.055448571	3.815498571	14.19995571	8.88972381	0	0	26.30466	16.41889579	156.0259975	7	7	7	6	0	0	15	49	519.0223563	8	6	5.857142857	3699.53169
v2.1.2	Full_Syncom	9.157482857	28.49464857	13.48974571	10.63050786	11.74650833	0	32.55949188	7.708016351	242.53852	7	7	7	6	3	0	23	51	1292.510607	7	7	7	9047.57424
v2.1.3	Full_Syncom	4.436433333	3.101101667	13.470415	7.122843333	7.348966667	0	32.44975923	7.534478269	153.807875	8	6	6	6	5	0	13	26	488.9863517	6	7	7.833333333	2933.9181
v2.1.4	Full_Syncom	8.75423625	5.77425775	14.838381	12.1300975	4.1317535	0	33.73354611	9.567044381	930.3458925	8	10	12	8	5	3	19	37	357.8039967	9	7	7.6	3175.2753
