	Species	Microbiome	ID	Nutrition	Subsample	cell_layer_n	Stele_diameter	Endodermis_diameter	CCL1_diameter	CCL2_diameter	CCL3_diameter	CCL4_diameter	Exodermis_diameter	Epidermis_diameter	Root_diameter	Stele_N_cell	Endodermis_N_cell	CCL1_N_cell	CCL2_N_cell	CCL3_N_cell	CCL4_N_cell	Exodermis_N_cell	Epidermis_N_cell	Arenquima_mean_area	Arenquima_N
1	SI7820	NB	1	High	1	6	9.7202225	3.5882	13.56273375	6.068115	0	0	22.29666228	8.949029198	128.9200425	8	8	8	8	0	0	17	33	137.9967357	7
2	SI7820	NB	2	High	2	6	7.135877143	3.839774286	13.23711286	8.32913	0	0	27.69234571	8.161183571	142.036595	7	7	7	1	0	0	13	28	292.818335	6
3	SI7820	NB	3	High	3	7	6.48374625	3.319055417	13.39244033	11.03932133	13.18908333	0	22.44800548	5.13287119	151.2501425	8	6	6	6	1	0	19	30	595.061705	6
4	SP9509	NB	5	High	1	6	7.32537125	3.44540875	8.93227	9.050186667	0	0	21.47904444	5.450421556	115.2354725	8	6	6	6	0	0	18	30	184.0796343	7
5	SP9509	NB	6	High	2	7	7.81832375	3.9516075	13.5348425	7.0632	7.599544583	0	25.83924	8.364985909	150.1367275	8	8	8	8	6	0	6	7	76.79734	7
6	SP9509	NB	7	High	3	7	8.703657143	3.303152857	17.61680857	8.925184286	8.437219643	0	25.6873688	8.159090981	165.3147575	7	7	7	7	4	0	23	35	579.9348013	8
7	SP9509	NB	8	High	4	7	7.065011429	3.376997143	14.27344	7.294308571	10.98649571	0	31.55615814	6.038069286	162.119935	7	7	7	7	7	0	20	35	553.2936586	7
8	LP8539	NB	9	High	1	5	10.31460444	4.652878056	17.13858861	0	0	0	31.67520089	16.882443	165.079855	9	8	9	0	0	0	10	20	103.0040633	9
9	LP8539	NB	10	High	2	5	12.46089909	5.100252576	20.74985197	0	0	0	35.89947386	18.8565385	189.65742	11	11	11	0	0	0	12	20	95.67452273	11
10	LP8539	NB	11	High	3	5	12.03883556	4.923224444	18.836612	0	0	0	32.13419467	22.85898381	192.1148	9	9	10	1	0	0	9	21	169.4300122	9
11	LP8539	NB	12	High	4	6	9.06275	3.990082222	13.86718	23.64888153	0	0	40.57790936	7.359795421	76.888735	9	9	9	8	0	0	19	30	73.07891556	9
12	LA7339	NB	13	High	1	6	7.223131111	3.500638889	14.17139667	3.390283333	0	0	30.33176111	16.29941454	150.0291825	9	9	9	1	0	0	9	23	50.75227333	9
13	LA7339	NB	14	High	2	5	11.98807091	5.050142424	18.10802333	0	0	0	37.98406667	17.70262218	181.997325	11	11	11	0	0	0	11	19	70.37533182	11
14	LA7339	NB	15	High	3	6	10.85651556	4.959936263	15.31344182	28.14588545	0	0	19.60950567	5.430945238	81.3213725	9	11	11	11	0	0	21	40	54.59342818	11
15	LA7339	NB	16	High	4	5	8.819539	5.81919	10.776674	0	0	0	36.968355	12.28643408	151.560795	10	10	10	0	0	0	10	24	20.587807	10
16	LP0049	NB	21	High	1	6	9.30608	3.481682222	13.86661903	7.955440179	0	0	22.49292643	5.187524143	123.1916933	7	9	8	7	0	0	14	25	114.3855263	8
17	LP0049	NB	23	High	2	6	8.734965	4.441388333	12.14331222	8.237220159	0	0	20.06593762	5.163479848	116.6416475	8	9	9	5	0	0	21	21	92.54929111	9
18	LP0049	NB	24	High	3	6	9.566373333	4.066263333	12.76866033	8.579223	0	0	20.82672059	6.679916449	128.180455	9	9	9	8	1	0	16	27	139.8897622	9
19	LJ9250	NB	25	High	1	5	9.156871	4.697530818	15.00624273	0	0	0	23.27734545	20.53902913	150.6324067	10	11	11	0	0	0	13	23	66.35960545	11
20	LJ9250	NB	26	High	2	5	8.797312222	4.217732222	16.62481444	0	0	0	30.93747293	16.08608485	156.3789225	1	3	5	0	0	0	8	1	79.57458	9
21	LJ9250	NB	27	High	3	5	8.793431111	4.652571889	10.35545791	0	0	0	25.82937242	12.77733467	130.5856025	9	10	11	0	0	0	12	20	27.767188	10
22	LJ9250	NB	28	High	4	5	9.06275	3.990082222	16.29829678	0	0	0	23.783521	16.54249789	149.5261	9	9	10	0	0	0	10	1	73.052713	10
23	SI7820	B+	36	High	1	7	7.26219	3.649648333	10.870955	6.410275	8.593825667	0	19.50331306	9.038792608	134.201535	6	6	6	6	5	0	17	30	339.9161083	6
24	SI7820	B+	37	High	2	7	6.95951	3.043175714	13.3499	6.537191429	5.535322857	0	17.80153667	10.10580218	129.4500575	7	7	7	7	1	0	15	26	250.4942786	7
25	SI7820	B+	38	High	3	6	7.099558571	4.416078571	11.48180571	5.747125476	0	0	19.63309967	9.112561231	116.2455313	7	7	7	6	0	0	17	26	178.8120814	7
26	SI7820	B+	39	High	4	6	7.404797143	3.851548571	17.90316429	14.00266286	0	0	27.82004126	9.210304811	162.8600625	7	7	7	7	0	0	17	28	472.3415243	7
27	SP9509	B+	41	High	1	6	8.506674286	2.535288571	6.791891429	4.483451429	0	0	5.57763	18.1396749	56.80352	7	7	7	7	0	0	7	49	116.3262033	1
28	SP9509	B+	42	High	2	7	7.618528571	2.62344	13.55443286	7.505948571	7.910395	0	42.05274571	8.39889	163.2456475	7	7	7	7	0	0	22	35	576.5493529	7
29	SP9509	B+	43	High	3	6	9.642675	4.02655625	14.94240125	9.77877625	0	0	24.49971069	8.622387118	143.164295	8	8	8	8	0	0	18	32	235.9352488	8
30	LP8539	B+	44	High	1	6	12.0341525	4.841779318	15.55300618	4.310622	0	0	28.49776923	17.24314237	170.8987125	12	11	10	3	0	0	13	25	66.98732182	11
31	LP8539	B+	45	High	2	5	12.52147125	5.09363875	14.19968333	0	0	0	25.28944267	15.82269052	153.489245	8	8	7	0	0	0	11	23	56.10295222	9
32	LP8539	B+	47	High	3	5	10.93942333	4.366502821	15.39498051	0	0	0	33.03306667	17.96482367	165.865335	12	12	12	0	0	0	12	20	50.99762833	12
33	LA7339	B+	49	High	1	5	9.025508889	4.666275556	13.67209778	0	0	0	29.64158222	13.60317139	143.44689	9	9	9	0	0	0	9	1	45.82792625	8
34	LA7339	B+	50	High	2	5	9.17887625	4.22178375	13.77165375	0	0	0	39.16593	17.41205225	169.971	8	8	8	0	0	0	8	25	47.60148125	8
35	LP0049	B+	56	High	1	5	8.3612375	3.84780875	9.3773225	0	0	0	25.033615	8.234322132	110.966775	8	8	8	0	0	0	8	17	22.21288111	9
36	LP0049	B+	57	High	2	6	6.312034286	2.893038571	10.23856857	5.409658571	0	0	20.68084176	7.062947759	103.9190425	7	7	7	6	0	0	17	21	133.06487	7
37	LP0049	B+	59	High	3	5	7.896894444	3.804038889	14.99598111	0	0	0	29.05012778	16.33180251	145.5659825	9	9	9	0	0	0	9	20	84.77752	7
38	LJ9250	B+	60	High	1	5	8.44035	3.534332	12.576845	0	0	0	23.293515	12.56405086	122.8832825	10	10	10	0	0	0	10	21	50.548089	10
39	LJ9250	B+	61	High	2	5.1	8.994955556	3.703477778	17.19722778	0	0	0	30.52741333	16.700705	156.8367625	9	9	9	0	0	0	9	19	113.52633	10
40	LJ9250	B+	63	High	3	5	7.92343875	4.25897375	11.3691925	0	0	0	20.579075	14.4113155	122.4776925	8	8	8	0	0	0	8	20	45.52947375	8
41	SI7820	NB	107	Medium	1	7	6.901741429	3.403252321	13.00373625	7.96531	6.324165	0	16.20609735	7.253793004	126.7568275	7	8	8	2	0	0	17	26	267.3322863	8
42	SI7820	NB	108	Medium	2	7	8.216124286	4.166922857	13.02697857	8.092085714	9.082858571	0	16.32442882	9.29339	261.326645	7	7	7	7	3	0	18	28	326.7440038	8
43	SI7820	NB	109	Medium	3	7	6.193797143	2.58664	9.795092857	5.97422	11.50931111	0	18.80682994	7.636322651	127.886715	7	7	7	7	10	0	2	29	388.1870757	7
44	SP9509	NB	110	Medium	1	7	8.04271	3.88369	12.23000875	9.97457375	4.2817075	0	18.30755526	6.293862668	127.393025	8	8	8	1	2	0	11	23	171.32462	8
45	SP9509	NB	111	Medium	2	7	6.864577143	3.468032857	14.10243	8.385588571	7.529427429	0	28.25271971	8.325987619	155.272245	7	7	7	7	5	0	21	28	525.4769257	7
46	SP9509	NB	112	Medium	3	8	6.718485	2.812716667	11.70349667	6.242945667	4.716962667	7.516751667	26.00956939	5.590477854	145.0317625	6	6	6	6	6	5	22	41	583.5649217	6
47	SP9509	NB	113	Medium	4	7	7.273311111	3.816551746	15.72347571	9.82718	7.874931429	0	18.0285795	6.405121971	138.894055	9	7	7	7	1	0	20	32	333.4502271	7
48	LP8539	NB	114	Medium	1	5	7.41037	4.681465556	15.77369222	0	0	0	32.94441022	17.06705585	157.50827	9	9	9	0	0	0	10	24	83.79689125	8
49	LP8539	NB	115	Medium	2	5	8.429	3.910308889	9.98616	0	0	0	30.86709	13.37951338	134.6910625	8	9	9	0	0	0	9	20	34.5672575	8
50	LP8539	NB	116	Medium	3	5	10.419726	4.528742	16.309955	0	0	0	35.49003973	20.01856299	175.9357925	10	10	10	0	0	0	11	19	80.92246222	9
51	LP8539	NB	117	Medium	4	6	10.77833	5.792128	12.70756089	9.028841111	0	0	21.27552889	18.09303722	157.32557	9	10	10	1	0	0	10	16	73.10018	10
52	LA7339	NB	118	Medium	1	5	7.91812	4.531815	11.645911	0	0	0	34.099774	9.318115714	139.424405	10	10	10	0	0	0	10	19	37.12540111	10
53	LA7339	NB	120	Medium	2	5.1	8.49181875	4.29291	16.5937475	0	0	0	40.01212	15.27864428	85.9512625	8	8	8	0	0	0	8	17	60.63736125	8
54	LA7339	NB	121	Medium	3	5	8.308753333	4.072625556	15.25767333	0	0	0	67.497947	12.6270122	162.54554	9	9	9	0	0	0	10	23	46.882175	8
55	LP0049	NB	126	Medium	1	5	7.614925455	6.970552045	13.311185	0	0	0	29.74046917	19.96785363	161.1726125	11	12	12	0	0	0	12	15	85.82542	10
56	LP0049	NB	127	Medium	2	6	7.153535714	3.938338036	14.06930125	7.07093875	0	0	26.42857892	8.831445159	137.1033625	7	8	8	8	0	0	15	21	209.1923188	8
57	LP0049	NB	129	Medium	3	6	10.041717	4.674468	14.958298	7.730183	0	0	22.85913257	4.575538571	130.969015	10	10	10	5	0	0	14	26	101.726383	10
58	LJ9250	NB	130	Medium	1	5	8.346538571	4.676201429	15.939658	0	0	0	27.642051	20.33547688	155.9023975	5	10	10	0	0	0	10	15	79.19475	10
59	LJ9250	NB	131	Medium	2	5.1	9.445435556	4.420083194	17.25722125	0	0	0	34.76050889	18.92322911	172.4396675	9	8	8	0	0	0	9	18	108.2503588	8
60	LJ9250	NB	132	Medium	3	5	7.096937143	4.612257857	12.414855	0	0	0	23.482223	17.99392595	132.0354375	7	10	10	0	0	0	10	17	42.986977	10
61	LJ9250	NB	133	Medium	4	5	9.02322	3.869826	13.951348	0	0	0	19.25425767	19.9969536	133.841295	8	10	10	0	0	0	12	17	89.131356	10
62	SI7820	B+	141	Medium	1	6	6.991983333	2.189695	14.577555	8.186092667	0	0	26.643846	8.47458	135.731205	6	6	6	5	0	0	15	25	343.9032117	6
63	SI7820	B+	142	Medium	2	6	9.48549125	4.40901	12.10795875	5.241235	0	0	19.57780731	9.950958433	122.12174	8	8	8	2	0	0	13	27	82.0173075	8
64	SI7820	B+	143	Medium	3	8	7.442217143	3.466697143	10.98878714	6.200817143	6.841828571	4.997282857	16.95697043	8.860572899	131.809655	7	7	7	7	7	2	23	30	361.4408643	7
65	SI7820	B+	143.2	Medium	4	7	7.30116	3.902581429	12.24788	6.716182321	6.30434625	0	64.82119348	9.620497489	147.0956075	8	7	7	8	0	0	23	30	479.5522	7
66	SI7820	B+	144	Medium	5	8	7.86766	3.445278571	12.49074143	8.787392857	4.76790381	6.367953333	20.88529167	6.450947051	144.451975	7	7	7	7	6	2	17	32	427.0683929	6
67	SP9509	B+	145	Medium	1	7	8.108014286	3.296135714	12.96565	9.566512857	6.878747143	0	24.53252444	4.998622312	144.28231	7	7	7	7	4	0	18	37	359.0534329	7
68	SP9509	B+	146	Medium	2	8	7.598687143	3.087744286	13.34402429	9.3253	9.170135714	8.787398571	22.46109783	9.906957888	169.8652775	7	7	7	7	6	3	23	35	742.4479786	7
69	SP9509	B+	147	Medium	3	7	7.064681667	3.469124048	11.16799	10.35378762	8.296634667	0	21.52947884	6.698596687	139.86355	6	7	7	6	3	0	19	34	490.39559	6
70	SP9509	B+	148	Medium	4	6	7.8097625	3.2333125	10.2359775	4.7036115	0	0	18.10944743	11.06343379	115.4642075	8	8	8	5	0	0	13	23	89.77476375	8
71	LP8539	B+	149	Medium	1	6	11.84479111	4.795847778	17.56462333	36.83880444	0	0	5.083301667	16.42239278	198.2127425	9	9	9	3	0	0	5	18	56.328185	10
72	LP8539	B+	150	Medium	2	6	9.599276667	4.496166667	15.9911	5.683836667	0	0	31.125383	20.67211858	174.9088775	9	9	9	3	0	0	10	19	104.650556	10
73	LP8539	B+	151	Medium	3	5	12.28200364	4.460457273	15.46972455	0	0	0	30.39466091	18.33553909	163.7600375	11	11	11	0	0	0	11	22	64.618767	10
74	LP8539	B+	152	Medium	4	5	10.32635545	3.886166364	12.95041545	0	0	0	24.86069523	22.29621893	156.9250525	11	11	11	0	0	0	12	21	43.16603818	11
75	LA7339	B+	153	Medium	1	5.1	12.69409	6.004298462	16.54274	0	0	0	37.61961154	12.64097111	174.918585	12	13	13	0	0	0	13	27	48.98655462	13
76	LA7339	B+	154	Medium	2	5	8.25415	3.984051111	13.14806556	8.148253333	0	0	36.89440778	14.48947508	153.0256425	8	9	9	1	0	0	9	21	58.15468667	9
77	LA7339	B+	155	Medium	3	5	7.540454286	3.382311429	14.41447	12.97434	10.93086095	0	22.49855233	6.917402053	156.1899125	7	7	7	7	3	0	19	38	381.69879	7
78	LP0049	B+	161	Medium	1	5	9.143423333	3.962446667	16.887746	0	0	0	34.905595	2.863667214	137.750625	9	10	10	0	0	0	10	28	24.87457444	9
79	LP0049	B+	162	Medium	2	6	9.305814	4.044216	14.243339	5.230517	0	0	22.7872215	4.171875227	120.5875425	10	10	10	5	0	0	16	33	82.86721917	12
80	LP0049	B+	164	Medium	3	6	8.462305556	3.863715444	11.39304	5.99597525	0	0	17.16237946	12.10450476	118.5256775	9	10	10	8	0	0	2	16	120.169308	10
81	LJ9250	B+	165	Medium	1	6	9.050865	4.14007625	16.04934125	3.6815175	0	0	33.76112556	16.9623855	171.72214	8	8	8	1	0	0	9	19	97.03682375	8
82	LJ9250	B+	165.5	Medium	2	5	10.036452	2.1573295	18.5259435	0	0	0	36.645573	15.5753365	168.5239325	10	10	10	6	0	0	10	20	41.695043	10
83	LJ9250	B+	166	Medium	3	6	9.42427625	3.89866625	18.67845375	1.24629375	0	0	41.79883125	18.90650602	187.6482875	8	8	8	2	0	0	8	22	208.6895125	8
84	LJ9250	B+	167	Medium	4	5	9.808353333	4.507381111	15.42910667	0	0	0	34.35576689	17.01473533	163.0819725	9	9	9	0	0	0	10	21	40.51997875	8
85	LJ9250	B+	168	Medium	5	5	7.735311111	3.4411	11.74243222	0	0	0	30.26660222	13.92369076	139.1071525	9	9	9	0	0	0	9	19	33.09897778	9
86	SI7820	NB	176	Low	1	7	5.999795	3.86816125	10.91373875	7.39095125	9.27898	0	59.43142462	12.17918751	145.6924375	8	8	8	8	8	0	25	32	333.38987	8
87	SI7820	NB	177	Low	2	6	7.08728	2.743186667	18.30995667	10.57614833	0	0	26.92446186	10.13832714	162.0467367	6	4	6	6	0	0	17	28	327.97632	6
88	SI7820	NB	178	Low	3	7	8.15196	4.579425714	16.36955929	10.29453929	10.33943971	0	22.078976	10.03501441	169.3874375	9	7	8	7	5	0	21	32	658.2607686	7
89	SP9509	NB	180	Low	1	6	8.680707143	3.690065714	13.59628714	12.11035714	0	0	21.32809786	8.011346562	137.826965	7	7	7	7	0	0	20	32	335.32927	7
90	SP9509	NB	181	Low	2	7	7.57893	3.204465714	11.96070571	7.226535714	10.04363036	0	23.83164886	5.343852611	70.3957125	7	7	7	7	8	0	22	39	486.8115	7
91	SP9509	NB	182	Low	3	7	6.274425556	3.508613016	11.45894857	6.873092857	8.282231667	0	22.48738024	5.715398885	64.488995	9	7	7	7	6	0	21	36	346.74344	7
92	LP8539	NB	184	Low	1	5	11.18819818	4.586406818	20.25211917	0	0	0	32.33241122	19.45475871	180.153805	11	12	10	0	0	0	13	22	171.3384189	9
93	LP8539	NB	185	Low	2	5	9.862759091	4.866190909	16.18870455	0	0	0	35.09788273	13.86002323	166.36208	11	11	11	0	0	0	11	20	50.28464455	11
94	LP8539	NB	186	Low	3	5	7.17946875	3.38847625	15.12492944	0	0	0	22.26921306	3.7407901	105.093475	8	8	8	0	0	0	12	25	32.53098625	8
95	LA7339	NB	188	Low	1	5	7.206734286	4.251888571	14.94083464	0	0	0	33.8422075	12.75684413	147.66532	7	5	6	0	0	0	8	21	68.427425	8
96	LA7339	NB	189	Low	2	5	5.47102875	3.65018325	9.092863	0	0	0	25.453509	11.252014	113.1728667	8	10	10	0	0	0	10	18	54.25026143	7
97	LA7339	NB	190	Low	3	5	5.864801429	3.300171429	13.14932429	0	0	0	36.86690357	9.478471952	138.5503525	7	7	7	0	0	0	14	15	20.05723286	7
98	LA7339	NB	191	Low	4	5	7.474106667	4.256427778	13.67392889	0	0	0	32.25740121	10.35220837	137.85945	9	9	9	0	0	0	11	24	21.27455333	8
99	LP0049	NB	196	Low	1	6	9.449732	4.483658	16.97598444	11.61357056	0	0	21.08018	6.568564286	142.10019	10	9	9	8	0	0	18	28	150.5118289	9
100	LP0049	NB	197	Low	2	6	8.223873333	3.956885556	12.00146	8.034354861	0	0	18.64600347	11.48290313	110.064325	9	9	9	8	0	0	17	27	122.8323811	9
101	LP0049	NB	198	Low	3	6	9.277895556	4.347963333	17.49739411	10.295812	0	0	14.36637786	5.339870621	127.435755	9	9	10	2	0	0	14	23	96.62233375	8
102	LP0049	NB	199	Low	4	5	11.616628	5.409744	18.50424	0	0	0	64.14428273	6.88350958	144.6025475	10	10	10	0	0	0	11	26	56.436711	10
103	LJ9250	NB	201	Low	1	6	8.53750125	3.918034306	13.29322889	3.454802222	0	0	25.42688667	14.118075	141.3377	8	9	9	3	0	0	11	17	115.01267	8
104	LJ9250	NB	203	Low	2	5	7.94253125	4.018902083	11.6898	0	0	0	19.31283778	14.34425167	122.7210925	8	9	9	0	0	0	9	16	65.31236778	9
105	SI7820	B+	211	Low	1	7	7.726904286	3.748784286	15.27229429	10.79416857	9.172126571	0	26.20602779	10.3361514	167.1529475	7	7	7	7	5	0	19	32	669.3948743	7
106	SI7820	B+	212	Low	2	6	8.199577143	3.688831429	10.88058429	8.395274286	0	0	23.20773848	7.570388375	125.6532425	7	7	7	7	1	0	10	21	232.6256557	7
108	SI7820	B+	213.5	Low	4	7	7.351195714	3.981237143	14.62840571	9.776764286	9.733553143	0	25.62800775	9.01936375	163.8247	7	7	7	7	5	0	16	32	559.6406557	7
109	SI7820	B+	214	Low	5	7	5.607844444	6.686120556	16.44204125	10.94529946	7.492269286	0	24.28659237	11.16076463	165.1126675	9	8	8	2	4	0	19	30	609.3970657	7
110	SP9509	B+	215	Low	1	7	7.663508333	3.561518333	15.03797476	12.73357524	2.660748333	0	24.39942278	7.882296162	145.945355	6	6	7	6	2	0	18	33	465.27474	6
111	SP9509	B+	216	Low	2	7	6.689008571	3.660952679	10.57433875	5.672118571	7.133357143	0	23.77960151	9.571199778	215.088515	7	8	7	7	7	1	2	32	357.3771757	7
112	SP9509	B+	216.5	Low	3	7	6.627054286	3.845528571	11.88481143	7.711879464	15.83064482	0	24.53671	8.654654241	78.806465	7	7	7	7	7	0	21	32	629.9374414	7
113	SP9509	B+	217	Low	4	7	7.560618571	3.34423	15.36753	9.634565714	5.595832381	0	26.27080583	10.17250063	157.7886875	7	7	7	7	3	0	20	32	512.4065443	7
114	SP9509	B+	218	Low	5	7	8.44116	3.25580875	15.38741375	9.80795625	8.15978875	0	23.2154675	9.561305667	157.26458	8	8	8	8	4	0	18	30	431.5418063	8
115	LP8539	B+	221	Low	1	5.1	10.09567125	3.965815417	13.78015833	0	0	0	26.74141625	15.8724498	146.9239925	8	9	8	0	0	0	8	19	47.14491286	7
116	LP8539	B+	222	Low	2	5	13.364106	5.322396	14.787292	0	0	0	22.71317517	20.08133768	155.6098925	10	10	10	0	0	0	12	19	62.407083	10
117	LP0049	B+	231	Low	1	6	8.178975	3.69072375	13.36489375	5.1286675	0	0	14.73831846	4.033396993	98.2889	8	8	8	1	0	0	13	33	41.13883125	8
118	LP0049	B+	232	Low	2	6	10.063825	4.447629	16.797613	8.742358714	0	0	20.88334252	7.633756348	138.23344	8	10	10	7	0	0	17	24	117.991479	10
119	LP0049	B+	233	Low	3	5	7.27495	3.338777143	15.20879857	0	0	0	21.79251065	7.040187115	109.2244675	7	7	7	0	0	0	11	19	37.06527143	7
120	LP0049	B+	234	Low	4	6	9.79249875	3.86534875	15.79543875	10.42348946	0	0	22.25302554	7.724272212	138.70909	8	8	8	7	0	0	16	26	145.7624763	8
121	LJ9250	B+	235	Low	1	5	6.699535556	3.574825556	12.12376111	0	0	0	23.46310578	17.3115995	126.0019425	9	9	9	0	0	0	10	16	58.36827333	9
122	LJ9250	B+	236	Low	2	5.1	8.0076625	3.925284167	15.55757111	0	0	0	32.32205422	17.61610589	155.9915025	8	10	10	0	0	0	10	19	159.1430089	7
123	LJ9250	B+	237	Low	3	5	8.57657	3.975307778	15.31591222	0	0	0	28.60758667	16.93324649	145.660355	9	9	9	0	0	0	9	19	56.47684333	9
124	LJ9250	B+	238	Low	4	5	7.8698975	4.000851389	13.42403444	0	0	0	26.28118222	17.54863181	138.816025	8	9	9	0	0	0	9	19	59.70660333	9
125	LA7339	B+	239	Low	1	5	5.47102875	3.65018325	9.092863	0	0	0	25.453509	11.252014	113.1728667	8	10	10	0	0	0	10	18	54.25026143	7
126	LA7339	B+	240	Low	2	5.1	5.864801429	3.300171429	13.14932429	0	0	0	36.86690357	9.478471952	138.5503525	7	7	7	0	0	0	14	15	20.05723286	7
127	LA7339	B+	241	Low	3	5	7.474106667	4.256427778	13.67392889	0	0	0	32.25740121	10.35220837	137.85945	9	9	9	0	0	0	11	24	21.27455333	8
