"Species" "Microbiome" "Subsample" "Stile_diameter" "Endodermis_diameter" "CCL1_diameter" "CCL2_diameter" "CCL3_diameter" "CCL4_diameter" "Exodermis_diameter" "Epidermis_diameter" "Max_diameter" "Stile_cell" "Endodermis_n_cell" "CCL1_n_cell" "CCL2__n_cell" "CCL3_n_cell" "CCL4_n_cell" "Exodermis_n_cell" "Epidermis_n_cell" "Aerenchyma_mean_area" "Aerenchyma_n" "CCL" "root_plant"
"6" "SI7820" "NB" 1 7.099645 4.159490714 10.72575304 4.5995 0 0 19.34530583 7.706062604 139.35302 4 7 8 7 4 0 18 32 191.592525 6 7 4
"7" "SI7820" "NB" 2 8.10398375 5.475191964 12.62747429 0 0 0 25.0228225 10.17186066 120.903605 8 7 7 0 0 0 12 22 62.74142571 7 5 4
"8" "SI7820" "NB" 3 10.26286833 10.68733333 8.106241667 9.82025 0 0 28.16417571 7.108084643 154.8304875 6 6 6 6 0 0 21 28 378.9949617 6 6 4
"9" "SI7820" "NB" 4 10.5171 17.70979 19.90566286 0 0 0 13.3863025 11.08899592 147.989485 6 6 6 6 0 0 14 24 372.108455 6 5 4.333333333
"10" "SI7820" "NB" 5 5.87726375 5.135090536 19.26124946 16.72791054 0 0 36.84463071 6.148010429 130.4276825 8 7 6 9 0 0 14 29 176.8920483 6 6 1
"11" "SI9227" "NB" 1 7.088603333 2.194083333 13.61056619 9.33089 9.764888571 6.618421905 22.91132083 7.962001083 161.25379 6 6 7 7 6 3 33 31 533.2353029 7 8 5.5
"12" "SI9227" "NB" 2 7.088603333 2.194083333 13.61056619 9.33089 9.764888571 6.618421905 22.91132083 7.962001083 161.25379 6 6 7 7 6 3 33 31 533.2353029 7 8 3.333333333
"13" "SI9227" "NB" 3 10.53703714 5.664759524 20.69708833 11.36636071 3.398849286 0 36.80510761 9.49427893 197.9079475 7 6 8 7 2 0 23 39 820.5987571 7 7 2.4
"14" "SI9227" "NB" 4 10.53703714 5.664759524 20.69708833 11.36636071 3.398849286 0 36.80510761 9.49427893 197.9079475 7 6 8 7 2 0 23 39 820.5987571 7 7 7.5
"15" "SI9227" "NB" 5 9.132675714 4.807153036 19.10486696 12.94599714 6.196942143 0 19.70912196 9.938623366 162.0877883 7 8 7 7 2 0 23 31 650.181148 5 7 7.6
"16" "SP9509" "NB" 1 7.117105714 3.58412 13.34350429 6.199126 0 0 59.83519545 6.835726212 138.0670925 7 7 7 6 0 0 11 20 168.0465243 6 6 4
"17" "SP9509" "NB" 2 6.978728333 3.619186667 12.20653667 8.22543 3.602735833 0 24.22049544 9.603027748 139.660272 6 6 6 7 4 0 17 29 333.3720917 6 7 1.5
"18" "SP9509" "NB" 3 6.472784286 2.929074286 9.109268571 9.20128119 10.21598333 0 25.35804944 7.859089222 145.09582 7 7 6 6 6 0 18 30 450.7332033 6 7 3
"19" "SP9509" "NB" 4 8.718295714 5.456681429 14.55114714 0 0 0 27.81004208 8.081402767 134.80653 7 7 7 0 0 0 11 23 101.9378786 7 5 3
"20" "SP9509" "NB" 5 7.499775 3.681209286 8.113312381 6.634418333 9.006145 10.75609 18.92251895 8.630279841 153.376585 6 7 6 6 6 5 18 40 598.3701 7 8 3.333333333
"21" "SP5543" "NB" 1 9.03771 8.402458889 16.64236 10.38369444 0 0 22.201665 10.7764958 168.778756 7 9 9 6 0 0 18 29 170.20776 6 5 4.25
"22" "SP5543" "NB" 5 9.03771 8.402458889 16.64236 10.38369444 0 0 22.201665 10.7764958 168.778756 7 9 9 6 0 0 18 29 170.20776 6 7 3.75
"23" "SP5543" "NB" 2 8.93767125 4.8562925 11.8675175 8.989394464 0 0 24.73474429 8.168661935 137.22392 8 8 8 8 0 0 15 31 153.4847722 9 6 3.75
"24" "SP5543" "NB" 3 11.21018889 5.211847778 10.08440778 10.91378056 0 0 7.379525 8.897842667 111.7413625 9 9 9 3 0 0 12 29 15.94128333 9 6 2.428571429
"25" "SP5543" "NB" 4 7.96735625 3.482426607 17.23957464 8.9812545 0 0 27.70446443 8.229368371 150.0468325 8 8 8 5 0 0 14 25 186.6965275 8 6 2.375
"26" "SP7498" "NB" 1 5.95425 2.53898 10.74897 7.602112 0 0 25.88648108 8.487977756 123.602645 6 6 6 5 0 0 13 24 202.7758067 6 6 3.25
"27" "SP7498" "NB" 2 5.52306 2.572021667 11.038925 7.188881667 1.581551667 0 30.592685 8.637770145 133.748585 6 6 6 6 1 0 12 23 276.6932867 6 7 2.666666667
"28" "SP7498" "NB" 3 6.752814286 2.714711429 12.14162571 6.83153 7.759302571 0 27.35202663 7.191377813 145.880275 7 7 7 7 5 0 16 22 301.746485 8 7 2.666666667
"29" "SP7498" "NB" 4 9.557942857 2.660279143 14.44908086 12.95763 15.82241381 0 32.78053439 8.26783209 204.3137325 7 5 7 7 2 0 19 36 806.1665829 7 7 2.166666667
"30" "SP7498" "NB" 5 6.340124286 1.865487143 12.55250143 6.94024 6.181397143 0 19.93188556 21.12353025 127.1090875 7 7 7 7 2 0 15 23 262.4547833 6 7 3.2
"31" "SP9192" "NB" 1 7.704012857 4.157588571 9.704807143 7.33227 0 0 18.8094158 8.75861625 120.2504267 7 7 7 7 1 0 16 32 119.9627929 7 5 1
"32" "SP9192" "NB" 2 7.704012857 4.157588571 9.704807143 7.33227 0 0 18.8094158 8.75861625 120.2504267 7 7 7 7 1 0 16 32 119.9627929 7 7 1.375
"33" "SP9192" "NB" 3 9.129381429 3.277581429 9.44907 4.069569643 0 0 14.4091035 7.638021407 100.7844125 7 7 7 7 1 0 15 21 59.73555429 7 6 2.333333333
"34" "SP9192" "NB" 4 7.704012857 4.157588571 9.704807143 7.33227 0 0 18.8094158 8.75861625 120.2504267 7 7 7 7 1 0 16 32 119.9627929 7 6 2.666666667
"35" "SP9192" "NB" 5 9.129381429 3.277581429 9.44907 4.069569643 0 0 14.4091035 7.638021407 100.7844125 7 7 7 7 1 0 15 21 59.73555429 7 6 1
"36" "LP7760" "NB" 1 5.88957 2.906201429 12.41119143 0 0 0 24.38987014 8.421717952 115.8207525 7 7 7 0 0 0 10 21 24.23872571 7 5 2.6
"37" "LP7760" "NB" 2 9.563801875 3.628462875 17.94810736 2.406683514 0 0 31.34342933 2.704140356 99.3240075 8 8 8 8 0 0 30 18 52.61982968 8 6 2.6
"38" "LP7760" "NB" 3 5.9879925 3.45119125 9.4352375 0 0 0 23.95521589 7.822421357 104.5397025 8 8 8 0 0 0 8 20 13.19808714 7 5 1
"39" "LP7760" "NB" 4 8.254903333 3.933386667 14.65654 0 0 0 26.98455091 8.144319891 125.95586 8 8 8 8 0 0 11 25 27.87535875 8 5 2
"40" "LP7760" "NB" 5 7.84161625 2.67051125 18.68354679 0 0 0 38.33339155 6.321982567 152.898158 8 8 7 0 0 0 12 25 30.72389 7 5 2.444444444
"41" "LP0049" "NB" 1 8.157924444 3.548797778 13.71536444 0 0 0 27.42620533 7.693349154 123.55172 9 9 9 0 0 0 10 26 43.38780556 9 5 1
"42" "LP0049" "NB" 2 10.26021889 4.756644747 17.19447455 0 0 0 21.22327 6.910758077 134.602535 9 11 11 4 0 0 16 26 82.67554545 8 4 0.9
"43" "LP0049" "NB" 3 7.07920375 3.9321175 12.38615625 0 0 0 26.58701139 4.932242711 114.6632175 8 8 8 0 0 0 9 24 25.81909444 9 6 1.1
"44" "LP0049" "NB" 4 6.59700875 2.9517 7.391445 0 0 0 19.35680625 5.654436471 88.2879325 8 8 8 0 0 0 8 17 18.634429 10 5 1
"45" "LP0049" "NB" 5 2.177459 1.335231 3.827517778 0 0 0 9.601731111 1.643038254 38.11714 10 10 8 0 0 0 9 21 2.874648889 9 5 1
"46" "LT9109" "NB" 1 7.46972 2.72813 13.68876333 0 0 0 33.66779111 15.86253261 150.7265125 8 8 8 0 0 0 9 17 130.5744886 7 5 1.111111111
"47" "LT9109" "NB" 2 8.575713125 4.952079 10.97092625 0 0 0 25.2548555 15.11289339 128.2987313 8 8 8 0 0 0 8 17 54.20623692 10 4 1
"48" "LT9109" "NB" 3 6.6300275 3.674655 13.366555 0 0 0 36.48625875 14.47697185 156.017755 8 8 8 0 0 0 8 21 59.6505125 8 6 2.4
"49" "LT9109" "NB" 5 6.6300275 3.674655 13.366555 0 0 0 36.48625875 14.47697185 156.017755 8 8 8 0 0 0 8 21 59.6505125 8 5 1
"50" "LT9109" "NB" 4 6.36645 3.400087143 11.05366429 0 0 0 32.21277286 14.07047513 135.0733475 7 7 7 0 0 0 7 17 26.8289425 8 5 1
"51" "LJ9250" "NB" 1 7.42476 3.74575125 12.24519875 0 0 0 31.423445 13.24834088 139.2782075 7 8 8 0 0 0 8 17 46.74007625 8 5 1.125
"52" "LJ9250" "NB" 5 7.42476 3.74575125 12.24519875 0 0 0 31.423445 13.24834088 139.2782075 7 8 8 0 0 0 8 17 46.74007625 8 4 1
"53" "LJ9250" "NB" 2 6.52553 3.273505556 11.05632222 0 0 0 30.17587111 12.54753833 127.2056 9 9 9 0 0 0 9 18 19.546046 10 6 1
"54" "LJ9250" "NB" 3 7.29267 3.04901625 10.92871931 0 0 0 33.40818694 12.75072361 137.8150275 7 8 8 0 0 0 8 18 37.4220725 8 5 1
"55" "LJ9250" "NB" 4 7.511388889 3.56448 12.97712778 0 0 0 31.82658222 9.569723492 133.0941433 9 9 9 0 0 0 9 21 39.47459333 9 5 1
"56" "LM7123" "NB" 1 6.501557143 2.861298571 10.62076286 3.494244505 17.90085192 0 17.46039967 36.54008627 134.440635 7 7 7 7 2 0 15 27 240.5283171 7 7 1
"57" "LM7123" "NB" 2 6.032021429 2.381505714 10.04627429 0 0 0 38.73369039 13.35289427 135.0723525 7 7 7 0 0 0 7 15 25.33308714 7 5 2
"58" "LM7123" "NB" 3 7.66223625 3.487595 11.5396525 0 0 0 30.3849025 10.68975125 136.4459275 8 8 8 0 0 0 8 20 23.88218167 6 5 1
"59" "LM7123" "NB" 4 8.835244444 3.96562 14.33029667 0 0 0 37.53173222 12.81468095 160.28614 9 9 9 0 0 0 9 21 33.50711667 9 6 1
"60" "LM7123" "NB" 5 8.835244444 3.96562 14.33029667 0 0 0 37.53173222 12.81468095 160.28614 9 9 9 0 0 0 9 21 33.50711667 9 6 1
"61" "LM8389" "NB" 1 8.506563333 3.789692222 14.4242 0 0 0 37.78005667 14.98597578 164.8106425 9 9 9 0 0 0 10 19 34.190058 10 4 1
"62" "LM8389" "NB" 2 7.17071625 4.0998225 11.7172425 0 0 0 32.09505875 9.480533 175.4174675 8 8 8 0 0 0 8 20 44.70293 6 6 1
"63" "LM8389" "NB" 4 7.17071625 4.0998225 11.7172425 0 0 0 32.09505875 9.480533 175.4174675 8 8 8 0 0 0 8 20 44.70293 6 5 1.333333333
"64" "LM8389" "NB" 3 5.988983333 4.050793333 26.75144833 0 0 0 23.88495727 5.574735108 146.847445 6 6 6 0 0 0 11 21 106.0353575 6 5 1.142857143
"65" "LM8389" "NB" 5 5.988983333 4.050793333 26.75144833 0 0 0 23.88495727 5.574735108 146.847445 6 6 6 0 0 0 11 21 106.0353575 6 5 1
"66" "LV7650" "NB" 1 4.780761667 3.339846667 21.31404333 0 0 0 23.942495 3.965902807 117.60979 6 6 6 0 0 0 7 19 5.849299091 11 5 2.25
"67" "LV7650" "NB" 2 6.13814 3.636484286 16.06610286 14.14950086 0 0 33.19235152 5.725970381 135.4751925 7 7 7 5 0 0 15 21 139.4021586 7 6 2.5
"68" "LV7650" "NB" 3 5.5315875 3.6022 17.92890875 14.84668042 0 0 18.3537051 6.421391569 137.1330975 8 8 8 6 0 0 13 21 225.6719371 7 6 2
"69" "LV7650" "NB" 4 5.892976667 3.824963333 23.89923833 0 0 0 27.52268238 7.014034503 141.1117775 6 6 6 0 0 0 14 23 84.18467286 11 5 2
"70" "LV7650" "NB" 5 5.672332857 3.689968571 21.31705857 11.83034 0 0 13.11850417 3.129827433 125.6104625 7 7 7 2 0 0 12 25 49.431848 5 6 1.5
"71" "LY5280" "NB" 1 5.83838 4.300145 22.05815833 17.13688067 0 0 33.64981247 8.311486978 181.4152525 6 6 6 5 0 0 17 29 874.3621083 6 6 2
"72" "LY5280" "NB" 2 0.002458571 0.001564286 0.00822 0.00558 0 0 0.012036617 0.003226082 0.06481 7 7 7 2 0 0 19 27 8.29e-05 5 6 1.75
"73" "LY5280" "NB" 3 6.296971429 4.803611429 28.19168 17.73791714 0 0 37.04095091 8.337412841 208.20497 7 7 7 7 0 0 22 32 1188.182667 5 6 1
"74" "LY5280" "NB" 4 4.919811667 4.294693333 19.92737833 16.663415 0 0 32.00160381 7.722726005 171.52098 6 6 6 6 0 0 14 27 701.5478433 11 6 2
"75" "LY5280" "NB" 5 6.034354286 4.038065714 20.46298143 0 0 0 32.49774563 6.923148358 140.9161875 7 7 7 0 0 0 17 24 188.6196486 5 5 1
"76" "LM7200" "NB" 1 6.56001 3.457068571 14.34361857 8.893184524 0 0 11.88680708 10.93486236 115.293195 7 7 7 6 0 0 24 26 204.8517471 7 6 1
"77" "LM7200" "NB" 2 7.486365714 2.730525714 14.75580357 9.203501667 10.59948619 2.063617143 28.62870318 6.750690956 168.663185 7 7 8 6 7 3 22 29 860.4395443 7 8 1
"78" "LM7200" "NB" 5 7.486365714 2.730525714 14.75580357 9.203501667 10.59948619 2.063617143 28.62870318 6.750690956 168.663185 7 7 8 6 7 3 22 29 860.4395443 7 8 1
"79" "LM7200" "NB" 3 3.365507143 2.124777143 8.786975714 3.6498175 0 0 11.40867179 5.447879048 71.2743875 7 7 7 4 0 0 14 24 48.02760714 7 6 1
"80" "LM7200" "NB" 4 6.74531 4.936492857 24.76648 18.10746571 11.71104143 0 25.21811741 9.400699489 205.955895 7 7 7 6 0 0 27 29 1346.961784 7 7 2
"81" "LA7339" "NB" 1 6.529924 4.500140143 10.07024529 0 0 0 28.16521629 13.5436916 127.1098153 7 7 7 0 0 0 7 16 162.8400119 7 5 2
"82" "LA7339" "NB" 2 5.50499 3.052488571 10.78546143 0 0 0 38.30147 11.32021947 139.4150725 7 7 7 0 0 0 7 19 29.1488175 8 5 1
"83" "LA7339" "NB" 3 6.35226 2.93384 8.102984286 0 0 0 31.34667 13.22847214 126.356915 7 7 7 0 0 0 7 14 13.65473571 7 4 1
"84" "LA7339" "NB" 4 7.299937143 2.857125714 14.06640089 0 0 0 30.02733403 9.520713472 126.95107 7 7 8 0 0 0 9 16 16.53156286 7 6 1
"85" "LA7339" "NB" 5 9.433924286 3.984774286 15.0503 0 0 0 28.73777429 16.47159767 156.3044275 7 7 7 0 0 0 7 19 78.7362175 8 5 1
"86" "LP8539" "NB" 1 7.224905714 4.305622857 21.72606857 0 0 0 35.6567274 10.87272004 164.9033325 7 7 7 0 0 0 11 24 82.32906571 7 5 1
"87" "LP8539" "NB" 5 7.224905714 4.305622857 21.72606857 0 0 0 35.6567274 10.87272004 164.9033325 7 7 7 0 0 0 11 24 82.32906571 7 5 1.1
"88" "LP8539" "NB" 2 8.38562875 3.39214625 12.3451925 0 0 0 31.77126375 11.9281225 135.539835 8 8 8 0 0 0 8 16 21.92547778 9 5 1
"89" "LP8539" "NB" 3 9.1651275 4.2322925 16.8082425 10.1816825 0 0 33.5036275 13.1202715 179.419975 8 8 8 2 0 0 10 25 79.59524 8 6 1
"90" "LP8539" "NB" 4 6.714285714 4.642857143 22.22857143 0 0 0 36.99761905 14.57955232 173.52529 7 7 7 0 0 0 11 23 117.2457143 7 5 1
"91" "LT9243" "NB" 1 11.18421429 3.698615714 11.222656 17.925954 0 0 6.503405417 12.22677099 120.086645 7 7 7 0 0 0 11 23 78.79289875 8 6 1
"92" "LT9243" "NB" 2 6.549465714 4.183395714 15.34545143 9.888022143 0 0 22.51743417 8.608536833 136.27978 7 7 7 2 0 0 11 23 124.2320914 8 6 1
"93" "LT9243" "NB" 3 6.708296667 3.264813333 10.16943333 0 0 0 21.69479292 9.684224926 108.308575 6 6 6 0 0 0 8 18 33.91146667 8 5 1.666666667
"94" "LT9243" "NB" 4 8.674427 4.059485 19.27088822 0 0 0 51.46347235 9.071071577 192.8393707 6 6 6 0 0 0 7 18 1740.556396 6 5 1
"95" "LT9243" "NB" 5 4.89649 3.086023333 9.123055 0 0 0 21.81156738 12.14239962 102.86888 6 6 6 0 0 0 7 15 65.18900182 11 5 1
"96" "PS" "NB" 1 22.11326263 8.824495789 10.77452658 29.33364773 43.72582116 22.0997604 14.27677071 17.09745735 317.55847 19 22 19 22 4 12 25 37 464.1206467 12 8 2
"97" "PS" "NB" 2 21.15087536 5.819949286 12.32139869 19.00477359 16.53510141 21.3116309 25.58350702 9.161246806 261.38923 28 22 19 22 4 12 25 37 239.9123011 9 8 3
"98" "PS" "NB" 3 28.58640818 7.43365039 23.01778835 18.35081 12.85900308 15.67835522 23.70804764 6.352646518 271.48042 22 21 13 13 7 23 42 48 188.7651 13 8 4
"99" "PS" "NB" 4 28.6392848 7.031001109 20.89929284 22.83874587 26.67579674 13.1299324 14.93286558 5.80872487 281.23913 25 22 16 13 37 8 45 69 260.52493 12 8 3
"100" "PS" "NB" 5 11.67421625 4.229567083 14.69093667 23.812857 0 0 18.61914436 6.47057269 161.9269125 8 9 9 10 0 0 22 37 50.62601889 8 6 3
"106" "SI7820" "B+" 1 9.151055556 4.536780694 13.40368042 9.038845833 11.65354875 0 23.91496333 8.104689667 160.4446775 9 8 9 8 8 0 24 41 662.631555 6 6 3.5
"107" "SI7820" "B+" 2 9.80543875 5.59469125 14.2969425 12.86031179 11.61173821 0 24.5562145 18.43919608 202.9353875 8 6 8 7 4 0 20 26 629.8079371 7 7 3.6
"108" "SI7820" "B+" 3 7.6535475 3.92829125 9.73392375 6.57952125 7.183159107 0 20.50474381 8.157953905 131.57304 8 6 8 7 4 0 20 26 290.11247 8 7 2
"109" "SI7820" "B+" 4 8.376317143 4.142162857 11.36338833 11.66341167 8.54649 0 29.099594 9.101549226 143.819895 7 6 7 7 1 0 20 32 402.2267314 7 7 3
"110" "SI7820" "B+" 5 7.429297143 7.465579857 8.854449667 9.341176667 8.54649 0 15.55797656 8.420116944 139.35302 7 10 9 9 5 0 18 33 228.5121744 9 7 2
"111" "SI9227" "B+" 1 10.45378125 4.87870625 18.51002694 12.81821306 12.29880821 0 28.21881362 8.220835348 193.1349425 7 8 9 8 7 0 30 47 820.9910125 7 7 2.75
"112" "SI9227" "B+" 2 7.09026 2.625575714 17.05787714 11.75655714 13.71319714 2.441622857 24.63217958 7.461603854 176.07003 7 7 7 7 7 1 24 32 976.0290957 7 8 3
"113" "SI9227" "B+" 3 9.67716875 5.27822625 17.70759875 10.46186 10.3861875 6.70340875 22.44476067 8.916500048 186.1269025 8 8 8 8 8 3 30 43 910.7674929 7 8 1.866666667
"114" "SI9227" "B+" 4 7.733564286 3.899134286 17.37437857 11.17213286 11.419615 0 26.72994595 7.52889869 170.47645 7 7 7 7 3 0 21 29 744.10875 7 7 2.25
"115" "SI9227" "B+" 5 9.240375 4.09851625 13.71451542 9.249042083 10.25222625 4.870695 19.6994812 8.19052239 156.120175 8 8 9 8 8 1 25 40 666.8545225 8 8 4.6
"116" "SP9509" "B+" 1 10.23221857 3.754041429 17.66988571 10.9385 10.04961229 0 24.31928295 10.43987905 176.7791125 7 7 7 7 4 0 14 29 681.5540357 7 6 2.666666667
"117" "SP9509" "B+" 2 8.526768333 3.714266667 15.21038625 9.24813 10.65256875 0 29.29457227 9.349446257 175.111595 6 8 8 8 8 0 21 33 590.2721714 6 8 4.75
"118" "SP9509" "B+" 3 6.259677143 3.931125714 19.16677286 12.42397429 10.21833 0 14.11421182 8.579824336 154.508375 7 7 7 7 2 0 20 17 440.3557657 7 7 4.2
"119" "SP9509" "B+" 4 7.18744625 3.22435125 17.5365975 12.2388575 8.104105 0 32.59052618 9.749302982 182.3455075 8 8 8 8 4 0 19 30 609.594805 8 7 2.5
"120" "SP9509" "B+" 5 8.8051 4.758752857 18.42533857 11.12633429 11.05181829 0 21.71751267 7.708414333 170.9763275 7 7 7 7 4 0 22 41 888.1531314 7 7 3.25
"121" "SP5543" "B+" 1 8.57751625 4.553765 16.57500625 9.8752125 6.973133333 0 22.10001048 9.706354466 157.85035 8 8 8 8 3 0 20 29 328.0672163 8 7 4
"122" "SP5543" "B+" 2 8.653875 3.5520425 9.22866875 5.0680225 0 0 17.09712587 7.76816993 103.820495 6 8 8 8 3 0 20 29 91.8879525 4 6 3
"123" "SP5543" "B+" 3 8.238775 4.662548 14.917789 8.456954 8.436712571 0 21.99373188 7.928791016 152.1830175 8 10 10 10 10 0 23 33 248.825916 10 7 2.2
"124" "SP5543" "B+" 4 5.354965 2.662333333 14.69151967 8.140057714 0 0 15.24675955 11.87283599 119.0013125 6 6 6 6 0 0 18 24 253.7441183 6 6 3.4
"125" "SP5543" "B+" 5 8.75598125 3.990015 13.52057125 11.14309875 8.765627083 0 32.48717 17.19233184 95.7093675 8 8 8 8 3 0 20 29 100.9398 8 7 3
"126" "SP7498" "B+" 1 6.740908333 3.379415 11.17955467 7.098847714 9.791754286 0 16.92940765 7.213475882 141.6438775 7 6 6 6 2 0 16 34 301.31703 6 7 4.333333333
"127" "SP7498" "B+" 2 7.52239875 3.92801875 13.45951875 8.582075 13.14304625 0 32.01340685 14.4313803 189.9394275 8 8 8 8 8 0 22 28 734.2571988 8 7 2.2
"128" "SP7498" "B+" 5 7.52239875 3.92801875 13.45951875 8.582075 13.14304625 0 32.01340685 14.4313803 189.9394275 8 8 8 8 8 0 22 28 734.2571988 8 7 2
"129" "SP7498" "B+" 3 7.018355714 3.44273 15.38469571 10.32819 11.96348714 0 42.49521 10.64242824 205.6770725 7 7 7 7 7 1 21 34 976.8350738 8 8 2.5
"130" "SP7498" "B+" 4 4.76336 2.277301667 12.937025 7.526405 6.040508333 0 26.46759563 9.510816683 137.5482175 7 6 6 6 1 0 15 26 341.7413767 6 7 1
"131" "SP9192" "B+" 1 6.005668333 4.416653095 14.08833714 9.697618571 11.66825286 0 23.49130227 9.643663144 160.672225 6 7 7 7 5 0 22 24 500.0743929 7 7 2.666666667
"132" "SP9192" "B+" 2 6.94305875 4.476745536 11.57958 10.34458571 0 0 26.04650733 6.565379854 134.83366 7 7 7 7 0 0 15 32 295.3728457 7 6 2.5
"133" "SP9192" "B+" 3 4.822988 7.092257714 10.28756571 5.050943571 8.36556 0 19.89633318 7.935985766 128.689035 5 7 7 7 6 0 22 38 239.2911829 7 7 2.875
"134" "SP9192" "B+" 4 6.075895714 3.750514286 13.19429125 8.2328725 8.820074821 0 21.61286343 7.927664111 142.039745 7 8 8 8 7 0 24 36 363.7419675 8 8 1
"135" "SP9192" "B+" 5 7.0819 4.257584286 23.63335714 0 0 0 35.26618011 9.759644862 161.706515 6 7 7 0 0 0 12 21 156.5269257 7 5 2.666666667
"136" "LP7760" "B+" 1 8.69039 4.9972575 15.45427875 9.52027375 0 0 28.857592 8.871124923 154.93457 8 8 8 7 0 0 15 26 249.4008863 7 6 1.666666667
"137" "LP7760" "B+" 2 8.1144275 4.1028025 12.17759125 5.716172083 0 0 17.88385417 12.53633708 124.28179 8 8 8 3 0 0 16 24 151.8515425 7 5 3.666666667
"138" "LP7760" "B+" 3 8.821595 4.42421875 13.69336375 7.07060625 0 0 26.83509507 8.972355047 141.741572 8 8 8 8 0 0 15 31 207.4903863 8 7 1
"139" "LP7760" "B+" 4 10.9999375 7.422199167 20.51969444 6.247940889 0 0 35.20850212 10.16202396 181.1205962 8 9 8 8 0 0 17 25 294.0748571 6 6 2
"140" "LP7760" "B+" 5 7.640305 4.42791375 15.24998625 7.3540525 0 0 34.02217688 9.692467548 159.99064 8 8 8 8 0 0 15 28 226.7151544 8 6 3
"141" "LP0049" "B+" 1 5.906984286 3.854582857 7.525612857 0 0 0 23.38164 6.235454375 96.2849975 7 7 7 0 0 0 7 17 12.12366857 6 5 2
"142" "LP0049" "B+" 2 7.805538182 6.040696364 14.44104 0 0 0 32.37435818 15.63397377 155.477495 11 11 11 0 0 0 11 20 72.426159 10 5 1.8
"143" "LP0049" "B+" 3 8.37946125 3.48270375 16.77398722 0 0 0 24.85451361 7.597014621 126.0868875 8 8 9 0 0 0 12 22 34.17636 8 5 2.333333333
"144" "LP0049" "B+" 4 9.370357778 5.853161222 18.59838 0 0 0 25.550411 5.599594167 130.7121325 9 10 10 0 0 0 13 24 48.67636636 11 5 1
"145" "LP0049" "B+" 5 7.57982375 3.5415175 13.8986025 8.288129583 0 0 21.29827608 5.26094798 123.0936225 8 8 8 6 0 0 17 23 110.1964788 7 6 2.6
"146" "LT9109" "B+" 1 6.4672125 3.51508 12.8466425 0 0 0 30.902935 19.51310529 145.1763625 8 8 8 0 0 0 8 17 67.99961125 7 6 1
"147" "LT9109" "B+" 2 7.62257125 4.12506875 17.93507625 0 0 0 36.64235125 16.849005 171.71171 8 8 8 0 0 0 12 20 137.1662475 8 5 1.1
"148" "LT9109" "B+" 3 10.68267125 3.31386875 11.864966 0 0 0 32.54100829 18.87781183 157.763236 8 5 10 1 0 0 8 18 66.65202222 9 5 1
"149" "LT9109" "B+" 4 7.147242857 3.168184286 10.93024143 0 0 0 40.93120518 15.41459069 155.4832975 7 7 7 0 0 0 8 18 38.51580286 7 5 1
"150" "LT9109" "B+" 5 6.4282375 2.832540278 10.99533333 0 0 0 29.14176667 17.10817281 134.3966275 8 9 9 0 0 0 11 18 37.998895 8 5 1
"151" "LJ9250" "B+" 1 7.44089 4.222182222 14.93244333 0 0 0 40.98329667 14.24563678 166.8146675 9 9 9 0 0 0 9 20 64.7154725 8 5 1.6
"152" "LJ9250" "B+" 2 7.44089 4.222182222 14.93244333 0 0 0 40.98329667 14.24563678 166.8146675 9 9 9 0 0 0 9 20 64.7154725 8 5 1
"153" "LJ9250" "B+" 3 8.47354 3.65929 13.55600222 16.99351778 0 0 22.5482875 14.29459355 163.97657 9 9 9 1 0 0 8 19 55.33829857 7 6 2.75
"154" "LJ9250" "B+" 4 8.47354 3.65929 13.55600222 16.99351778 0 0 22.5482875 14.29459355 163.97657 9 9 9 1 0 0 8 19 55.33829857 7 6 0.875
"155" "LJ9250" "B+" 5 7.811924444 3.290158889 12.51617111 0 0 0 36.10129444 14.70395722 151.606172 9 9 9 0 0 0 9 18 47.88047111 9 5 1.166666667
"156" "LM7123" "B+" 1 7.657272222 2.938598889 12.90428778 0 0 0 21.33679667 17.28596444 123.9219475 9 9 9 0 0 0 9 19 70.335666 9 5 1
"157" "LM7123" "B+" 2 11.77884667 4.092261111 12.29109444 0 0 0 22.57898333 12.93750621 131.292555 9 9 9 0 0 0 9 19 35.11528111 9 4 1
"158" "LM7123" "B+" 3 10.07408 4.013808889 14.24319711 0 0 0 39.586821 16.93628189 176.2193425 10 9 10 0 0 0 10 18 37.65082889 9 6 1
"159" "LM7123" "B+" 4 8.148958889 3.414224444 14.89671889 0 0 0 39.69353556 14.03873275 164.473185 9 9 9 0 0 0 9 21 59.72062333 9 5 1
"160" "LM7123" "B+" 5 8.148958889 3.414224444 14.89671889 0 0 0 39.69353556 14.03873275 164.473185 9 9 9 0 0 0 9 21 59.72062333 9 5 2.428571429
"161" "LM8389" "B+" 1 9.431545556 4.178686667 14.85755111 0 0 0 39.09135333 14.23586771 175.4309875 9 9 9 0 0 0 9 16 109.7814289 8 5 1
"162" "LM8389" "B+" 2 8.04755 3.315238 13.550143 0 0 0 28.27937983 18.76724548 147.5311875 10 10 10 0 0 0 12 19 52.217139 10 4 0.9
"163" "LM8389" "B+" 3 12.23129667 4.689924872 7.157721795 11.9855459 0 0 19.6877025 20.5036455 200.425835 12 13 13 4 0 0 13 20 87.870325 10 6 1.1
"164" "LM8389" "B+" 4 7.354002222 4.494118778 15.211652 0 0 0 30.931668 21.6313105 160.2685425 9 10 10 0 0 0 10 19 77.93944182 11 5 1
"165" "LM8389" "B+" 5 8.260184 5.367122 14.537018 0 0 0 38.371118 18.79765 175.72436 10 10 10 0 0 0 10 20 56.91736727 11 5 1
"166" "LY5280" "B+" 1 6.999147143 5.078428571 18.44469857 11.74268286 8.469082857 0 22.06284179 13.16169546 172.56672 7 7 7 7 5 0 29 28 945.8207914 7 7 1
"167" "LY5280" "B+" 2 7.198505714 4.540498571 28.54027857 15.99240143 10.39319571 0 29.94525333 8.471718736 213.258255 7 7 7 7 5 0 29 28 1385.754499 7 7 1.1
"168" "LY5280" "B+" 3 8.521277778 3.60986 16.98203556 12.21074111 11.96158306 18.4585445 24.54247891 12.97660939 219.1610675 9 9 9 9 8 5 22 34 888.3626044 7 8 0.9
"169" "LY5280" "B+" 4 6.684711429 2.802012571 17.60385267 10.70885 9.820470476 6.167652857 12.93225138 12.91929229 164.37712 7 7 7 7 5 0 29 28 1002.854102 7 8 1
"170" "LY5280" "B+" 5 5.781175714 4.42642 17.04100857 9.828631429 6.812869286 5.07341 16.3873706 9.930736186 155.7415675 7 7 7 7 5 0 25 29 599.8266714 7 8 1
"171" "LV7650" "B+" 1 6.554027143 3.64007 24.31321857 16.94859762 0 0 20.94704667 5.416590714 161.1726175 7 7 6 7 0 0 14 30 402.3233588 8 6 0.9
"172" "LV7650" "B+" 2 6.105131429 4.126905714 14.13118661 9.124547917 0 0 18.56953 9.317782246 123.882655 7 8 8 6 0 0 18 23 221.5869986 7 6 1.1
"173" "LV7650" "B+" 3 5.74926 3.96266 18.56985857 11.38240429 0 0 16.28232045 6.354959545 135.6005325 7 7 7 7 2 0 22 24 142.6835975 8 6 1
"174" "LV7650" "B+" 4 5.19062 3.30456 18.08529167 14.08030667 0 0 18.92340667 7.7135186 138.2017775 6 6 6 6 0 0 18 25 385.4781367 8 6 1
"175" "LV7650" "B+" 5 6.486467143 3.588768571 21.64563143 15.78774486 0 0 18.42563175 6.196654712 147.9134275 6 6 6 6 0 0 18 25 257.6028257 7 6 1
"176" "LM7200" "B+" 1 6.230451667 3.808423333 15.30052 6.865185 7.24937 0 9.4333725 12.56875509 128.6949575 6 6 6 6 2 0 24 29 379.6362317 7 6 1
"177" "LM7200" "B+" 2 9.855208889 4.516718889 18.08294778 11.39627778 6.206073667 14.046833 21.21044143 9.793039429 192.587085 9 9 9 10 9 2 21 35 716.0421033 9 8 1.1
"178" "LM7200" "B+" 3 5.994006667 3.567966667 15.35856333 13.78285833 0 0 13.80822167 12.4725386 134.0733525 6 6 6 3 0 0 15 19 226.7833033 7 6 0.9
"179" "LM7200" "B+" 4 8.27584 5.024405 16.27756333 4.083501667 0 0 22.15113688 8.375834977 132.6392725 6 6 6 1 0 0 15 28 159.6175283 7 6 1
"180" "LM7200" "B+" 5 5.9092 3.45001 17.42131286 5.902937143 0 0 20.0394075 9.014468214 125.605755 7 7 7 4 0 0 16 21 176.1772243 7 6 1
"181" "LA7339" "B+" 1 7.68766875 5.55040625 12.57603318 0 0 0 29.30130545 16.31606011 143.74153 8 10 11 0 0 0 11 23 40.48576636 11 4 2
"182" "LA7339" "B+" 2 6.76069125 2.881259861 12.03281556 0 0 0 22.32175 20.69134333 130.7167225 8 9 8 0 0 0 9 16 73.38937875 8 6 3
"183" "LA7339" "B+" 3 7.5411425 3.40511125 10.95306181 0 0 0 32.35011263 17.31735498 141.57979 8 8 9 0 0 0 11 19 9.866692222 9 5 1
"184" "LA7339" "B+" 4 7.0871375 5.0642265 12.786919 0 0 0 34.368012 14.71116136 149.4604675 8 8 9 0 0 0 11 19 29.77113867 15 5 3
"185" "LA7339" "B+" 5 9.124607778 3.906133333 13.34367111 0 0 0 40.53362978 14.82641436 165.4310175 9 9 9 0 9 2 10 22 15.29631222 9 5 1
"186" "LP8539" "B+" 1 8.57464625 4.116805 16.69767 0 0 0 41.29100875 16.66694292 176.26692 8 8 8 0 0 0 10 24 84.6704725 8 4 1.1
"187" "LP8539" "B+" 2 7.64211 3.906535 14.89123625 0 0 0 35.6616175 12.27656575 151.147835 8 8 8 0 0 0 10 24 38.87514857 7 6 0.9
"188" "LP8539" "B+" 3 9.815578182 3.910397273 12.97726655 0 0 0 30.10403717 11.20447208 137.41009 11 11 11 0 0 0 10 24 51.63393727 11 5 1
"189" "LP8539" "B+" 4 6.587963333 4.817181667 18.30997 0 0 0 34.211346 16.6122595 162.94542 6 6 6 0 0 0 10 20 89.60114 6 5 1
"190" "LP8539" "B+" 5 7.940982222 3.342418889 14.99978667 0 0 0 40.27339667 14.80296503 164.9057625 9 9 9 0 9 2 10 22 68.12250667 9 5 1
"191" "LT9243" "B+" 1 9.76072375 5.3116425 22.41035625 13.5625975 0 0 23.98528389 11.1349115 174.5357275 8 8 8 2 0 0 18 27 262.7375483 9 6 0.9
"192" "LT9243" "B+" 2 8.71697 4.3098825 18.6064725 13.47642333 6.368336667 0 20.17442813 14.39864611 174.7189175 8 8 8 6 2 0 16 26 252.0532125 9 7 1.1
"193" "LT9243" "B+" 3 11.803011 4.733519 21.642849 15.12323767 0 0 25.35308275 12.33933579 188.5478925 10 10 10 9 0 0 17 26 221.15444 9 7 1
"194" "LT9243" "B+" 4 5.293204286 3.478692857 8.74021 0 0 0 24.80016143 12.13193286 113.530015 7 7 7 0 0 0 7 14 25.51626818 11 5 1
"195" "LT9243" "B+" 5 9.777097 4.436778 21.943343 20.704962 0 0 24.23038353 12.69465727 187.56373 10 10 10 10 0 0 16 32 191.336085 11 6 1
"196" "PS" "B+" 1 41.70762 8.923585 19.88285342 35.31627385 43.15367939 26.13532083 28.3720199 44.52680625 508.5230175 24 22 19 22 4 12 25 37 1516.50197 12 8 5
"197" "PS" "B+" 2 24.57784111 6.249439444 22.07073094 32.7253885 45.20394 0 30.179627 5.39970925 338.595035 19 17 20 10 7 0 30 48 547.5715027 11 8 9
"198" "PS" "B+" 3 35.37023667 6.102163333 16.17176267 23.70300792 27.78896305 31.13830136 30.26312156 41.89990075 495.7665125 21 21 15 17 11 10 32 26 1459.784433 12 9 5
"199" "PS" "B+" 4 48.463076 9.600810732 25.55839936 46.14959321 50.17372949 54.82044606 48.1507683 26.76234853 621.7253052 22 22 22 15 14 42 38 60 2554.372804 13 8 5
"200" "PS" "B+" 5 57.72857531 10.92905349 19.00919067 27.13023053 58.14330067 42.55297407 60.66671812 45.59177056 709.565375 32 25 19 22 15 19 35 41 3924.006921 12 9 5
